"geneSet","motif","NES","AUC","TF_highConf","TF_lowConf"
"DC_Gen3_Module","scertf__macisaac.RGT1",6.77,0.185,"",""
"DC_Gen3_Module","transfac_pro__M05421",6.64,0.182,"MYNN (inferredBy_Orthology). ",""
"DC_Gen3_Module","transfac_pro__M04690",6.54,0.179,"CEBPB (directAnnotation). ","CEBPD; CEBPE; CEBPG (inferredBy_MotifSimilarity). CEBPA (inferredBy_MotifSimilarity_n_Orthology). "
"DC_Gen3_Module","swissregulon__sacCer__ARO80",6.36,0.175,"",""
"DC_Gen3_Module","scertf__pachkov.HAP5",5.61,0.156,"NFYC; POLE4 (inferredBy_Orthology). ","FOS; IRF3; NFYB; PBX3; RFX5 (inferredBy_MotifSimilarity). "
"DC_Gen3_Module","cisbp__M2121",5.61,0.156,"NFYC; POLE4 (inferredBy_Orthology). ","FOS; IRF3; NFYB; PBX3; RFX5 (inferredBy_MotifSimilarity). "
"DC_Gen3_Module","cisbp__M3036",5.6,0.156,"CEBPB (directAnnotation). ","CEBPA; CEBPD; CEBPE; CEBPG (inferredBy_MotifSimilarity). "
"DC_Gen3_Module","cisbp__M4606",5.56,0.155,"CEBPB (directAnnotation). ","ATF4; CEBPA; CEBPD; CEBPE; CEBPG; DBP; DDIT3; EP300; HLF; PPARGC1A (inferredBy_MotifSimilarity). "
"DC_Gen3_Module","dbcorrdb__CEBPZ__ENCSR000EDO_1__m2",5.52,0.154,"CEBPZ (directAnnotation). ",""
"DC_Gen3_Module","swissregulon__sacCer__HAP5",5.49,0.153,"NFYC; POLE4 (inferredBy_Orthology). ","FOS; IRF3; NFYA; NFYB; PBX3; RFX5 (inferredBy_MotifSimilarity). "
"DC_Gen3_Module","taipale_cyt_meth__CEBPB_NRTTGCGYAAYN_eDBD",5.44,0.152,"CEBPB (directAnnotation). ","CEBPA; CEBPD; CEBPE; CEBPG; DBP; EP300; HLF; PPARGC1A; TEF (inferredBy_MotifSimilarity). "
"DC_Gen3_Module","taipale_cyt_meth__ZSCAN29_MMGYGTAGMCGKCTACACNN_eDBD_meth",5.43,0.152,"ZSCAN29 (directAnnotation). ",""
"DC_Gen3_Module","cisbp__M2228",5.43,0.152,"MECOM; PRDM13; PRDM16 (inferredBy_Orthology). ",""
"DC_Gen3_Module","jaspar__MA0316.1",5.42,0.152,"NFYC; POLE4 (inferredBy_Orthology). ","FOS; IRF3; NFYB; PBX3; RFX5 (inferredBy_MotifSimilarity). "
"DC_Gen3_Module","jaspar__MA0423.1",5.37,0.15,"MECOM; PRDM13; PRDM16 (inferredBy_Orthology). ",""
"DC_Gen3_Module","yetfasco__YER130C_534",5.3,0.149,"MECOM; PRDM13; PRDM16 (inferredBy_Orthology). ",""
"DC_Gen3_Module","hocomoco__HXC13_HUMAN.H11MO.0.D",5.26,0.148,"HOXC13 (directAnnotation). ","HOXA13; HOXB13; HOXD13 (inferredBy_MotifSimilarity). "
"DC_Gen3_Module","dbcorrdb__SP1__ENCSR000BJX_1__m2",5.23,0.147,"SP1 (directAnnotation). ","FOS; IRF3; NFYB; PBX3; RFX5 (inferredBy_MotifSimilarity). "
"DC_Gen3_Module","taipale_cyt_meth__SPIB_RAWWGMGGAAGTN_FL",5.2,0.146,"SPIB (directAnnotation). ","BCL11A; ELF1; ELF2; ELF4; EP300; IKZF1; IRF4; IRF8; SPI1; SPIC (inferredBy_MotifSimilarity). "
"DC_Gen3_Module","predrem__nrMotif1865",5.17,0.145,"",""
"DC_Gen3_Module","taipale_cyt_meth__CEBPE_NRTTGCGYAAYN_eDBD",5.11,0.144,"CEBPE (directAnnotation). ","CEBPA; CEBPB; CEBPD; CEBPG; DBP; EP300; HLF; PPARGC1A; TEF (inferredBy_MotifSimilarity). "
"DC_Gen3_Module","predrem__nrMotif777",5.09,0.143,"",""
"DC_Gen3_Module","predrem__nrMotif1288",5.03,0.142,"",""
"DC_Gen3_Module","transfac_pro__M05031",4.95,0.14,"",""
"DC_Gen3_Module","cisbp__M0190",4.92,0.139,"SREBF2 (inferredBy_Orthology). ","SREBF1 (inferredBy_MotifSimilarity). "
"DC_Gen3_Module","hocomoco__ATF6A_HUMAN.H11MO.0.B",4.91,0.139,"ATF6 (directAnnotation). ",""
"DC_Gen3_Module","cisbp__M0326",4.84,0.137,"","ATF3; CEBPA; CEBPB; CEBPD; CEBPE; CEBPG; EP300; HLF; NFIL3; PPARGC1A; TEF (inferredBy_MotifSimilarity). DBP (inferredBy_MotifSimilarity_n_Orthology). "
"DC_Gen3_Module","taipale_cyt_meth__CEBPD_NRTTGCGYAAYN_eDBD",4.82,0.137,"CEBPD (directAnnotation). ","CEBPA; CEBPB; CEBPE; CEBPG; DBP; EP300; HLF; PPARGC1A; TEF (inferredBy_MotifSimilarity). "
"DC_Gen3_Module","neph__UW.Motif.0233",4.8,0.136,"",""
"DC_Gen3_Module","dbcorrdb__NFYB__ENCSR000EGQ_1__m1",4.78,0.136,"NFYB (directAnnotation). ","FOS; FOXI1; IRF3; NFYA; NFYC; PBX3; RFX5; SP1; YBX1 (inferredBy_MotifSimilarity). PBX1 (inferredBy_MotifSimilarity_n_Orthology). "
"DC_Gen3_Module","transfac_pro__M06729",4.78,0.136,"ZNF282 (directAnnotation). ",""
"DC_Gen3_Module","predrem__nrMotif1431",4.72,0.134,"",""
"DC_Gen3_Module","transfac_public__M00117",4.7,0.134,"CEBPB (directAnnotation). ","CEBPA; CEBPD; CEBPE; CEBPG (inferredBy_MotifSimilarity). "
"DC_Gen3_Module","cisbp__M6155",4.66,0.133,"ATF6 (directAnnotation). ",""
"DC_Gen3_Module","transfac_pro__M04761",4.64,0.132,"HSF1 (directAnnotation). ","HLF (inferredBy_MotifSimilarity_n_Orthology). "
"DC_Gen3_Module","dbcorrdb__POLR2AphosphoS5__ENCSR000BPA_1__m1",4.62,0.132,"","PML; POLR2A; TAF1 (inferredBy_MotifSimilarity). "
"DC_Gen3_Module","transfac_pro__M01204",4.61,0.132,"SPIB (directAnnotation). ","ELK1; SPI1; SPIC (inferredBy_MotifSimilarity). "
"DC_Gen3_Module","taipale__CEBPB_DBD_NTTRCGCAAY",4.59,0.131,"CEBPB (directAnnotation). ","CEBPA; CEBPD; CEBPE; CEBPG; EP300; PPARGC1A (inferredBy_MotifSimilarity). "
"DC_Gen3_Module","transfac_pro__M06460",4.58,0.131,"ZNF808 (directAnnotation). ",""
"DC_Gen3_Module","dbcorrdb__eGFP-NR4A1__ENCSR000DJW_1__m2",4.57,0.131,"",""
"DC_Gen3_Module","cisbp__M4700",4.57,0.131,"NR2C2 (directAnnotation). ","ELF1; ELF2; ELF3; ELF5; ETV7; GABPA (inferredBy_MotifSimilarity). "
"DC_Gen3_Module","taipale__CEBPE_DBD_NTTRCGCAAY",4.56,0.13,"CEBPE (directAnnotation). ","CEBPA; CEBPB; CEBPD; CEBPG; EP300; PPARGC1A (inferredBy_MotifSimilarity). "
"DC_Gen3_Module","predrem__nrMotif852",4.53,0.13,"",""
"DC_Gen3_Module","cisbp__M5317",4.52,0.129,"CEBPE (directAnnotation). ","CEBPA; CEBPB; CEBPD; CEBPG; EP300; PPARGC1A (inferredBy_MotifSimilarity). "
"DC_Gen3_Module","dbcorrdb__NFYB__ENCSR000DNR_1__m1",4.48,0.128,"NFYB (directAnnotation). ","E2F4; FOS; FOXI1; IRF3; NFYA; NFYC; PBX3; RFX5; SP1 (inferredBy_MotifSimilarity). PBX1; POLE4 (inferredBy_MotifSimilarity_n_Orthology). "
"DC_Gen3_Module","cisbp__M1486",4.46,0.128,"",""
"DC_Gen3_Module","transfac_pro__M06331",4.44,0.127,"ZNF343 (directAnnotation). ",""
"DC_Gen3_Module","cisbp__M5314",4.43,0.127,"CEBPB (directAnnotation). ","CEBPA; CEBPD; CEBPE; CEBPG; EP300; PPARGC1A (inferredBy_MotifSimilarity). "
"DC_Gen3_Module","transfac_pro__M07038",4.42,0.127,"DBP (directAnnotation). ","NFIL3; TEF (inferredBy_MotifSimilarity). "
"DC_Gen3_Module","predrem__nrMotif1934",4.41,0.127,"",""
"DC_Gen3_Module","neph__UW.Motif.0188",4.37,0.126,"",""
"DC_Gen3_Module","transfac_pro__M05127",4.36,0.125,"",""
"DC_Gen3_Module","transfac_pro__M00773",4.35,0.125,"MYB (directAnnotation). ","MYBL2 (inferredBy_MotifSimilarity). "
"DC_Gen3_Module","tfdimers__MD00521",4.34,0.125,"CHURC1; TAF7; TBP (directAnnotation). ",""
"DC_Gen3_Module","hocomoco__CEBPA_HUMAN.H11MO.0.A",4.32,0.125,"CEBPA (directAnnotation). ","CEBPB; CEBPD; EP300 (inferredBy_MotifSimilarity). CEBPG (inferredBy_MotifSimilarity_n_Orthology). "
"DC_Gen3_Module","hocomoco__CEBPB_MOUSE.H11MO.0.A",4.32,0.124,"CEBPB (inferredBy_Orthology). ","CEBPA; CEBPD; CEBPE; CEBPG; EP300 (inferredBy_MotifSimilarity). "
"DC_Gen3_Module","predrem__nrMotif1971",4.32,0.124,"",""
"DC_Gen3_Module","fantom__motif17_CGCTAN",4.29,0.124,"",""
"DC_Gen3_Module","predrem__nrMotif2284",4.27,0.123,"",""
"DC_Gen3_Module","transfac_pro__M07413",4.26,0.123,"CEBPB (directAnnotation). ","CEBPA; CEBPD; CEBPE; CEBPG; EP300 (inferredBy_MotifSimilarity). "
"DC_Gen3_Module","fantom__motif138_CTTTWANNYCC",4.26,0.123,"",""
"DC_Gen3_Module","dbcorrdb__SP2__ENCSR000BQG_1__m1",4.25,0.123,"SP2 (directAnnotation). ","E2F4; FOS; IRF3; NFYA; NFYB; PBX3; RFX5; SP1 (inferredBy_MotifSimilarity). "
"DC_Gen3_Module","transfac_pro__M07414",4.25,0.123,"","ATF3; CEBPA; CEBPB; CEBPD; CEBPE; CEBPG; EP300; HLF; MYC (inferredBy_MotifSimilarity). NFIL3 (inferredBy_MotifSimilarity_n_Orthology). "
"DC_Gen3_Module","transfac_pro__M01568",4.24,0.122,"MECOM; PRDM13; PRDM16 (inferredBy_Orthology). ",""
"DC_Gen3_Module","swissregulon__hs__ATF6.p2",4.23,0.122,"ATF6 (directAnnotation). ","ATF6B; CREB3; CREB3L1; CREB3L4 (inferredBy_MotifSimilarity). CREB3L2 (inferredBy_MotifSimilarity_n_Orthology). "
"DC_Gen3_Module","cisbp__M0373",4.23,0.122,"",""
"DC_Gen3_Module","dbcorrdb__RFX5__ENCSR000EFD_1__m3",4.23,0.122,"RFX5 (directAnnotation). ","FOS; FOXI1; IRF3; NFYA; NFYB; NFYC; PBX3 (inferredBy_MotifSimilarity). PBX1; POLE4 (inferredBy_MotifSimilarity_n_Orthology). "
"DC_Gen3_Module","transfac_pro__M07447",4.22,0.122,"CARF (directAnnotation). ",""
"DC_Gen3_Module","cisbp__M5632",4.21,0.122,"MLX (directAnnotation). ","ARNT; BHLHE40; BHLHE41; MLXIPL; SREBF1; SREBF2; TFE3; TFEB; TFEC; USF1 (inferredBy_MotifSimilarity). "
"DC_Gen3_Module","dbcorrdb__PBX3__ENCSR000BGR_1__m2",4.21,0.122,"PBX3 (directAnnotation). ","CHD2; E2F4; FOS; FOXI1; IRF3; NFYA; NFYB; NFYC; POLR2A; RFX5; SP1; SP2; SREBF1; SRF (inferredBy_MotifSimilarity). PBX1; POLE3; POLE4 (inferredBy_MotifSimilarity_n_Orthology). "
"DC_Gen3_Module","taipale__CEBPD_DBD_NTTRCGCAAY",4.21,0.122,"CEBPD (directAnnotation). ","CEBPA; CEBPB; CEBPE; CEBPG; EP300; PPARGC1A (inferredBy_MotifSimilarity). "
"DC_Gen3_Module","transfac_pro__M00928",4.17,0.121,"",""
"DC_Gen3_Module","cisbp__M6170",4.16,0.121,"CEBPB (directAnnotation). ","CEBPA; CEBPD; CEBPE; CEBPG; EP300; MYC (inferredBy_MotifSimilarity). "
"DC_Gen3_Module","scertf__zhu.ECM22",4.16,0.12,"",""
"DC_Gen3_Module","cisbp__M5316",4.16,0.12,"CEBPD (directAnnotation). ","CEBPA; CEBPB; CEBPE; CEBPG; EP300; PPARGC1A (inferredBy_MotifSimilarity). "
"DC_Gen3_Module","swissregulon__sacCer__YER130C",4.15,0.12,"MECOM; PRDM13; PRDM16 (inferredBy_Orthology). ",""
"DC_Gen3_Module","dbcorrdb__ZBTB33__ENCSR000BPZ_1__m1",4.15,0.12,"ZBTB33 (directAnnotation). ","BRCA1; CHD2; MXI1 (inferredBy_MotifSimilarity). "
"DC_Gen3_Module","transfac_pro__M05737",4.14,0.12,"ZNF699 (directAnnotation). ",""
"DC_Gen3_Module","elemento__TACCTGC",4.12,0.119,"",""
"DC_Gen3_Module","transfac_pro__M06009",4.12,0.119,"ZNF175 (directAnnotation). ",""
"DC_Gen3_Module","predrem__nrMotif695",4.1,0.119,"",""
"DC_Gen3_Module","cisbp__M4556",4.09,0.119,"CEBPB (directAnnotation). ","CEBPA; CEBPD; CEBPE; CEBPG; DBP; DDIT3; EP300; MYC (inferredBy_MotifSimilarity). "
"DC_Gen3_Module","hocomoco__CEBPA_MOUSE.H11MO.0.A",4.08,0.119,"CEBPA (inferredBy_Orthology). ","CEBPB; CEBPD; EP300 (inferredBy_MotifSimilarity). "
"DC_Gen3_Module","swissregulon__sacCer__SWI4",4.08,0.119,"",""
"DC_Gen3_Module","cisbp__M0516",4.08,0.119,"KDM4A; KDM4B; KDM4C; KDM4D; KDM4E; KDM4F (inferredBy_Orthology). ",""
"DC_Gen3_Module","transfac_pro__M01954",4.08,0.118,"","ARNT; ARNT2; ARNTL; ATF3; BACH1; BHLHE40; BHLHE41; CLOCK; MITF; MLX; MLXIPL; NFE2; SREBF1; SREBF2; TFE3; TFEB; USF1; USF2 (inferredBy_MotifSimilarity). ARNTL2; TFEC (inferredBy_MotifSimilarity_n_Orthology). "
"DC_Gen3_Module","hocomoco__CREB3_HUMAN.H11MO.0.D",4.07,0.118,"CREB3 (directAnnotation). ","ATF6; ATF6B; CREB3L1; CREB3L2; CREB3L4; XBP1 (inferredBy_MotifSimilarity). "
"DC_Gen3_Module","taipale_cyt_meth__FLI1_NACCGGATATCCGGTN_FL_meth",4.06,0.118,"FLI1 (directAnnotation). ","ERG; ETV3 (inferredBy_MotifSimilarity). "
"DC_Gen3_Module","jaspar__MA0409.1",4.06,0.118,"","ARNT; ARNT2; ARNTL; ATF3; BACH1; BHLHE40; BHLHE41; CLOCK; MITF; MLX; MLXIPL; NFE2; SREBF1; SREBF2; TFE3; TFEB; USF1; USF2 (inferredBy_MotifSimilarity). ARNTL2; TFEC (inferredBy_MotifSimilarity_n_Orthology). "
"DC_Gen3_Module","dbcorrdb__UBTF__ENCSR000EFZ_1__m1",4.06,0.118,"UBTF (directAnnotation). ","BRF1; EZH2; MAZ; MXI1; POLR2A; SMARCA4; XRCC4; ZMIZ1; ZNF274 (inferredBy_MotifSimilarity). "
"DC_Gen3_Module","taipale_cyt_meth__CEBPD_NRTTGCGYAAYN_eDBD_meth",4.04,0.118,"CEBPD (directAnnotation). ","CEBPA; CEBPB; CEBPE; CEBPG; DBP; EP300; NFIL3; TEF (inferredBy_MotifSimilarity). HLF (inferredBy_MotifSimilarity_n_Orthology). "
"DC_Gen3_Module","transfac_pro__M01558",4.03,0.117,"","MLX; MLXIPL; SREBF1; SREBF2; TFE3; TFEB; TFEC; USF1 (inferredBy_MotifSimilarity). BHLHE40 (inferredBy_MotifSimilarity_n_Orthology). "
"DC_Gen3_Module","cisbp__M2978",4.03,0.117,"ATF6 (directAnnotation). ","ATF6B; CREB3; CREB3L1; CREB3L4 (inferredBy_MotifSimilarity). CREB3L2 (inferredBy_MotifSimilarity_n_Orthology). "
"DC_Gen3_Module","cisbp__M0272",4.02,0.117,"","ATF6; CREB3L1; CREB3L2; XBP1 (inferredBy_MotifSimilarity). ATF6B (inferredBy_MotifSimilarity_n_Orthology). "
"DC_Gen3_Module","transfac_public__M00185",4.01,0.117,"NFYA; NFYB; NFYC (directAnnotation). ",""
"DC_Gen3_Module","taipale_cyt_meth__SPIB_RAWWGRGGAAGTN_FL_meth",4,0.116,"SPIB (directAnnotation). ","BCL11A; EP300; IKZF1; IRF4; IRF8; SPI1; SPIC (inferredBy_MotifSimilarity). "
"DC_Gen3_Module","predrem__nrMotif2287",3.99,0.116,"",""
"DC_Gen3_Module","transfac_public__M00079",3.99,0.116,"MECOM (directAnnotation). ","GATA6; PRDM16 (inferredBy_MotifSimilarity). "
"DC_Gen3_Module","predrem__nrMotif938",3.99,0.116,"",""
"DC_Gen3_Module","transfac_pro__M07476",3.99,0.116,"LHX8 (directAnnotation). ",""
"DC_Gen3_Module","flyfactorsurvey__rn_SOLEXA_5_FBgn0259172",3.98,0.116,"ZNF362; ZNF384 (inferredBy_Orthology). ","SMARCA4 (inferredBy_MotifSimilarity). ZNF229; ZNF319; ZNF513 (inferredBy_MotifSimilarity_n_Orthology). "
"DC_Gen3_Module","hocomoco__CR3L2_HUMAN.H11MO.0.D",3.95,0.115,"CREB3L2 (directAnnotation). ","ATF6; ATF6B; CREB3; CREB3L1; CREB3L4; XBP1 (inferredBy_MotifSimilarity). "
"DC_Gen3_Module","predrem__nrMotif1961",3.95,0.115,"",""
"DC_Gen3_Module","taipale__MLX_full_ATCACGTGAT",3.94,0.115,"MLX (directAnnotation). ","ARNT; BHLHE40; BHLHE41; MLXIPL; SREBF1; SREBF2; TFE3; TFEB; TFEC; USF1 (inferredBy_MotifSimilarity). "
"DC_Gen3_Module","taipale_tf_pairs__E2F1_NHLH1_SGCGCCNNNNNNNNNNNNCAGCTGNN_CAP_repr",3.94,0.115,"E2F1; NHLH1 (directAnnotation). ",""
"DC_Gen3_Module","cisbp__M0549",3.93,0.115,"",""
"DC_Gen3_Module","transfac_pro__M09266",3.92,0.115,"","SRF (inferredBy_MotifSimilarity_n_Orthology). "
"DC_Gen3_Module","transfac_pro__M05030",3.92,0.115,"",""
"DC_Gen3_Module","cisbp__M5169",3.91,0.114,"","SMARCA4 (inferredBy_MotifSimilarity). ZNF229; ZNF319; ZNF362; ZNF384; ZNF513 (inferredBy_MotifSimilarity_n_Orthology). "
"DC_Gen3_Module","yetfasco__YOR344C_397",3.91,0.114,"","ARNT; MLX; MLXIPL; SREBF1; SREBF2; TFE3; TFEB; TFEC; USF1 (inferredBy_MotifSimilarity). "
"DC_Gen3_Module","scertf__spivak.TYE7",3.89,0.114,"","ARNT; ARNTL; ATF3; BHLHE40; BHLHE41; MLX; MLXIPL; NFE2; SREBF1; SREBF2; TFE3; TFEB; TFEC; USF1; USF2 (inferredBy_MotifSimilarity). ARNTL2; HELT; MITF (inferredBy_MotifSimilarity_n_Orthology). "
"DC_Gen3_Module","transfac_pro__M05063",3.88,0.114,"",""
"DC_Gen3_Module","cisbp__M0238",3.88,0.114,"","ARNT; BHLHE40; BHLHE41; MAX; MLX; MLXIPL; SREBF1; SREBF2; TFE3; TFEB; TFEC; USF1 (inferredBy_MotifSimilarity). "
"DC_Gen3_Module","tiffin__TIFDMEM0000081",3.88,0.114,"",""
"DC_Gen3_Module","taipale_cyt_meth__CEBPG_NRTTGCGYAAYN_eDBD",3.88,0.114,"CEBPG (directAnnotation). ","CEBPA; CEBPB; CEBPD; CEBPE; DBP; EP300; HLF; PPARGC1A; TEF (inferredBy_MotifSimilarity). "
"DC_Gen3_Module","cisbp__M4602",3.88,0.114,"NR2C2 (directAnnotation). ","ELF1; ELF2; ELF3; ELF5; ETV7; GABPA (inferredBy_MotifSimilarity). "
"DC_Gen3_Module","dbcorrdb__E2F4__ENCSR000DYY_1__m2",3.87,0.113,"E2F4 (directAnnotation). ","CHD2; FOS; FOXI1; IRF3; NFYA; NFYB; NFYC; PBX3; POLR2A; RFX5; SP1; SP2; SREBF1 (inferredBy_MotifSimilarity). PBX1; POLE3 (inferredBy_MotifSimilarity_n_Orthology). "
"DC_Gen3_Module","hocomoco__HLF_MOUSE.H11MO.0.C",3.87,0.113,"HLF (inferredBy_Orthology). ","DBP; HSF1 (inferredBy_MotifSimilarity). "
"DC_Gen3_Module","hocomoco__CEBPZ_HUMAN.H11MO.0.D",3.87,0.113,"CEBPZ (directAnnotation). ","NFYA; NFYB; NFYC; RFX5 (inferredBy_MotifSimilarity). PBX1 (inferredBy_MotifSimilarity_n_Orthology). "
"DC_Gen3_Module","transfac_pro__M06751",3.87,0.113,"ZNF510 (directAnnotation). ","ZNF287 (inferredBy_MotifSimilarity). "
"DC_Gen3_Module","transfac_pro__M06508",3.85,0.113,"ZNF114 (directAnnotation). ",""
"DC_Gen3_Module","predrem__nrMotif2525",3.84,0.113,"",""
"DC_Gen3_Module","yetfasco__YER064C_2094",3.84,0.113,"","ATF3; BACH2; BCL3; EP300; FOS; FOSB; FOSL1; FOSL2; JDP2; JUN; JUNB; JUND; MEF2A; MYC; NFE2; RCOR1; SMARCC1; TCF7L2; TRIM28 (inferredBy_MotifSimilarity). BATF (inferredBy_MotifSimilarity_n_Orthology). "
"DC_Gen3_Module","transfac_pro__M05364",3.84,0.112,"ZNF146 (directAnnotation). ",""
"DC_Gen3_Module","scertf__spivak.GCN4",3.83,0.112,"","ATF3; BACH1; BACH2; BATF; BCL3; FOS; FOSB; FOSL1; FOSL2; GATA2; JDP2; JUN; JUNB; JUND; MEF2C; MYC; NFATC1; NFE2; STAT3; TCF12; TCF7L2; TRIM28 (inferredBy_MotifSimilarity). "
"DC_Gen3_Module","cisbp__M1734",3.83,0.112,"",""
"DC_Gen3_Module","factorbook__NFY",3.83,0.112,"NFYA; NFYB (directAnnotation). ","CEBPZ; CHD2; E2F4; FOS; FOXI1; IRF3; NFYC; PBX3; RFX5; SP1; SREBF1; YBX1 (inferredBy_MotifSimilarity). PBX1; POLE3 (inferredBy_MotifSimilarity_n_Orthology). "
"DC_Gen3_Module","elemento__CCACGTCA",3.81,0.112,"","ATF6; ATF6B; CREB3; CREB3L1; CREB3L4 (inferredBy_MotifSimilarity). CREB3L2 (inferredBy_MotifSimilarity_n_Orthology). "
"DC_Gen3_Module","cisbp__M5633",3.81,0.112,"MLXIPL (directAnnotation). ","ARNT; BHLHE40; BHLHE41; MLX; SREBF1; SREBF2; TFE3; TFEB; TFEC; USF1 (inferredBy_MotifSimilarity). MLXIP (inferredBy_MotifSimilarity_n_Orthology). "
"DC_Gen3_Module","taipale_cyt_meth__SREBF1_NTCACGCCAY_eDBD_repr",3.81,0.112,"SREBF1 (directAnnotation). ","SREBF2 (inferredBy_MotifSimilarity). "
"DC_Gen3_Module","cisbp__M6174",3.8,0.112,"CEBPZ (directAnnotation). ","IRF3; NFYA; NFYB; NFYC; RFX5 (inferredBy_MotifSimilarity). PBX1; POLE3 (inferredBy_MotifSimilarity_n_Orthology). "
"DC_Gen3_Module","predrem__nrMotif1124",3.8,0.112,"",""
"DC_Gen3_Module","taipale__MLXIPL_full_ATCACGTGAT",3.8,0.112,"MLXIPL (directAnnotation). ","ARNT; BHLHE40; BHLHE41; MLX; SREBF1; SREBF2; TFE3; TFEB; TFEC; USF1 (inferredBy_MotifSimilarity). "
"DC_Gen3_Module","flyfactorsurvey__HLH106_SANGER_5_2_FBgn0015234",3.78,0.111,"SREBF1; SREBF2 (inferredBy_Orthology). ","ARNT; ATF3; BACH1; BHLHE40; BHLHE41; MLX; MLXIPL; TFE3; TFEB; TFEC; USF1; USF2 (inferredBy_MotifSimilarity). HELT (inferredBy_MotifSimilarity_n_Orthology). "
"DC_Gen3_Module","cisbp__M5315",3.78,0.111,"CEBPB (directAnnotation). ","CEBPA; CEBPD; CEBPE; CEBPG; EP300; PPARGC1A (inferredBy_MotifSimilarity). "
"DC_Gen3_Module","transfac_pro__M05594",3.78,0.111,"ZNF143 (directAnnotation). ",""
"DC_Gen3_Module","taipale_tf_pairs__GCM1_HOXA13_RKRNGGGNNATAAA_CAP",3.77,0.111,"GCM1; HOXA13 (directAnnotation). ",""
"DC_Gen3_Module","transfac_public__M00412",3.77,0.111,"ZEB1 (directAnnotation). ",""
"DC_Gen3_Module","transfac_public__M00220",3.75,0.11,"SREBF1 (directAnnotation). ","ARNT; ATF3; BHLHE40; BHLHE41; MLX; MLXIPL; NFE2; SREBF2; TFE3; TFEB; TFEC; USF1; USF2 (inferredBy_MotifSimilarity). "
"DC_Gen3_Module","jaspar__MA0580.1",3.75,0.11,"","ATF3; USF2 (inferredBy_MotifSimilarity). "
"DC_Gen3_Module","dbcorrdb__RFX5__ENCSR000ECX_1__m2",3.74,0.11,"RFX5 (directAnnotation). ","CEBPZ; E2F4; FOS; FOXI1; IRF3; NFYA; NFYB; NFYC; PBX3; SP1 (inferredBy_MotifSimilarity). PBX1; POLE3; POLE4 (inferredBy_MotifSimilarity_n_Orthology). "
"DC_Gen3_Module","elemento__AGCGGCG",3.73,0.11,"",""
"DC_Gen3_Module","taipale__CEBPB_full_NTTRCGCAAY",3.73,0.11,"CEBPB (directAnnotation). ","CEBPA; CEBPD; CEBPE; CEBPG; EP300; PPARGC1A (inferredBy_MotifSimilarity). "
"DC_Gen3_Module","predrem__nrMotif927",3.73,0.11,"",""
"DC_Gen3_Module","predrem__nrMotif1547",3.73,0.11,"",""
"DC_Gen3_Module","transfac_pro__M05688",3.71,0.109,"ZNF133 (directAnnotation). ",""
"DC_Gen3_Module","elemento__AAGTGCTG",3.71,0.109,"",""
"DC_Gen3_Module","neph__UW.Motif.0288",3.71,0.109,"",""
"DC_Gen3_Module","cisbp__M2120",3.7,0.109,"","FOS; IRF3; NFYB; PBX3 (inferredBy_MotifSimilarity). HOXA6; HOXA7; HOXB6; HOXB7; HOXC6; NFYC; POLE4 (inferredBy_MotifSimilarity_n_Orthology). "
"DC_Gen3_Module","cisbp__M5995",3.7,0.109,"CEBPB (inferredBy_Orthology). ","CEBPA; CEBPD; CEBPE; CEBPG; EP300; PPARGC1A (inferredBy_MotifSimilarity). "
"DC_Gen3_Module","taipale_cyt_meth__CEBPG_NRTTGCGYAAYN_FL",3.7,0.109,"CEBPG (directAnnotation). ","CEBPB; CEBPD; CEBPE; DBP; HLF; TEF (inferredBy_MotifSimilarity). CEBPA (inferredBy_MotifSimilarity_n_Orthology). "
"DC_Gen3_Module","taipale__Cebpb_DBD_NTTRCGCAAY_repr",3.69,0.109,"CEBPB (inferredBy_Orthology). ","CEBPA; CEBPD; CEBPE; CEBPG; EP300 (inferredBy_MotifSimilarity). "
"DC_Gen3_Module","scertf__morozov.ARG80",3.69,0.109,"SRF (inferredBy_Orthology). ",""
"DC_Gen3_Module","transfac_public__M00287",3.68,0.109,"NFYB (directAnnotation). ","CEBPZ; CHD2; E2F4; FOS; FOXI1; GTF2B; IRF3; NFYA; NFYC; PBX3; RFX5; SP1; SREBF1; YBX1 (inferredBy_MotifSimilarity). PBX1; POLE3; POLE4 (inferredBy_MotifSimilarity_n_Orthology). "
"DC_Gen3_Module","transfac_pro__M06923",3.68,0.109,"ZNF236 (directAnnotation). ",""
"DC_Gen3_Module","dbcorrdb__NFYA__ENCSR000DNN_1__m1",3.68,0.109,"NFYA (directAnnotation). ","CEBPZ; E2F4; FOS; FOXI1; IRF3; NFYB; NFYC; PBX3; RFX5; SP1; SREBF1 (inferredBy_MotifSimilarity). PBX1 (inferredBy_MotifSimilarity_n_Orthology). "
"DC_Gen3_Module","predrem__nrMotif1727",3.67,0.108,"",""
"DC_Gen3_Module","transfac_pro__M06447",3.66,0.108,"ZNF547 (directAnnotation). ",""
"DC_Gen3_Module","transfac_public__M00483",3.64,0.108,"ATF6 (directAnnotation). ","ATF6B; CREB3; CREB3L1; CREB3L4 (inferredBy_MotifSimilarity). CREB3L2 (inferredBy_MotifSimilarity_n_Orthology). "
"DC_Gen3_Module","cisbp__M0113",3.64,0.108,"",""
"DC_Gen3_Module","dbcorrdb__FOS__ENCSR000EYZ_1__m1",3.64,0.108,"FOS (directAnnotation). ","CHD2; E2F4; FOXI1; IRF3; NFYA; NFYB; NFYC; PBX3; RFX5; SP1; SP2; SREBF1 (inferredBy_MotifSimilarity). PBX1; POLE4 (inferredBy_MotifSimilarity_n_Orthology). "
"DC_Gen3_Module","predrem__nrMotif2420",3.64,0.108,"",""
"DC_Gen3_Module","predrem__nrMotif844",3.62,0.107,"",""
"DC_Gen3_Module","transfac_pro__M01772",3.61,0.107,"","CEBPA; CEBPB; CEBPD; CEBPE; CEBPG; DBP; EP300; HLF; NFIL3; PPARGC1A; TEF (inferredBy_MotifSimilarity). "
"DC_Gen3_Module","transfac_pro__M00687",3.61,0.107,"NFYB (directAnnotation). ","NFYA; NFYC; RFX5 (inferredBy_MotifSimilarity). "
"DC_Gen3_Module","dbcorrdb__RFX5__ENCSR000DZW_1__m3",3.6,0.107,"RFX5 (directAnnotation). ","ATF1; ATF2; CREB1 (inferredBy_MotifSimilarity). "
"DC_Gen3_Module","transfac_pro__M06322",3.6,0.107,"ZNF181 (directAnnotation). ",""
"DC_Gen3_Module","dbcorrdb__POLR2A__ENCSR000AKZ_1__m3",3.59,0.106,"POLR2A (directAnnotation). ",""
"DC_Gen3_Module","taipale_tf_pairs__GCM2_PITX1_RTRCGGGNNGATTA_CAP_repr",3.58,0.106,"GCM2; PITX1 (directAnnotation). ",""
"DC_Gen3_Module","transfac_pro__M03540",3.58,0.106,"","BHLHE40; BHLHE41; MLX; TFE3; USF2 (inferredBy_MotifSimilarity). ARNTL; MLXIP; MLXIPL (inferredBy_MotifSimilarity_n_Orthology). "
"DC_Gen3_Module","dbcorrdb__NFYB__ENCSR000DNM_1__m1",3.57,0.106,"NFYB (directAnnotation). ","CHD2; E2F4; FOS; FOXI1; IRF3; NFYA; NFYC; PBX3; RFX5; SP1; SP2; SREBF1 (inferredBy_MotifSimilarity). PBX1; POLE3; POLE4 (inferredBy_MotifSimilarity_n_Orthology). "
"DC_Gen3_Module","transfac_pro__M05313",3.57,0.106,"ZNF536 (directAnnotation). ",""
"DC_Gen3_Module","predrem__nrMotif2593",3.57,0.106,"",""
"DC_Gen3_Module","dbcorrdb__HDAC6__ENCSR000ATJ_1__m1",3.57,0.106,"HDAC6 (directAnnotation). ",""
"DC_Gen3_Module","dbcorrdb__RFX5__ENCSR000ECF_1__m2",3.56,0.106,"RFX5 (directAnnotation). ","CEBPZ; CHD2; E2F4; ELK4; FOS; FOXI1; IRF3; NFYA; NFYB; NFYC; PBX3; SP1; SP2; SREBF1 (inferredBy_MotifSimilarity). PBX1; POLE3; POLE4 (inferredBy_MotifSimilarity_n_Orthology). "
"DC_Gen3_Module","taipale_tf_pairs__E2F3_HES7_NNNNGCGCSNNNNNCACGTGNN_CAP",3.56,0.106,"E2F3; HES7 (directAnnotation). ",""
"DC_Gen3_Module","scertf__zhu.RDR1",3.55,0.106,"",""
"DC_Gen3_Module","dbcorrdb__GTF2B__ENCSR000DOE_1__m4",3.55,0.105,"GTF2B (directAnnotation). ","NFYB (inferredBy_MotifSimilarity). "
"DC_Gen3_Module","tfdimers__MD00109",3.54,0.105,"CDX2; TAF7; TBP (directAnnotation). ",""
"DC_Gen3_Module","transfac_pro__M07412",3.54,0.105,"CEBPA (directAnnotation). ","CEBPB; CEBPD; CEBPE; CEBPG; EP300 (inferredBy_MotifSimilarity). "
"DC_Gen3_Module","cisbp__M5265",3.54,0.105,"",""
"DC_Gen3_Module","cisbp__M5111",3.54,0.105,"MITF; TFE3; TFEB; TFEC (inferredBy_Orthology). ","ARNT; BACH1; BHLHE40; BHLHE41; NFE2; SREBF1; SREBF2; USF1; USF2 (inferredBy_MotifSimilarity). "
"DC_Gen3_Module","cisbp__M2952",3.54,0.105,"ZEB1 (directAnnotation). ",""
"DC_Gen3_Module","dbcorrdb__FOXM1__ENCSR000BRU_1__m3",3.53,0.105,"FOXM1 (directAnnotation). ","BCL11A; EP300; IRF1; IRF2; IRF3; IRF4; IRF5; IRF6; IRF7; IRF8; PRDM1; STAT3 (inferredBy_MotifSimilarity). "
"DC_Gen3_Module","transfac_pro__M06691",3.52,0.105,"ZNF304 (directAnnotation). ",""
"DC_Gen3_Module","hocomoco__NFYA_HUMAN.H11MO.0.A",3.51,0.105,"NFYA (directAnnotation). ","CEBPZ; E2F4; FOS; FOXI1; IRF3; NFYB; NFYC; PBX3; RFX5; SP1; SREBF1; YBX1 (inferredBy_MotifSimilarity). PBX1; POLE3 (inferredBy_MotifSimilarity_n_Orthology). "
"DC_Gen3_Module","elemento__GCTGCGC",3.51,0.104,"",""
"DC_Gen3_Module","cisbp__M6053",3.5,0.104,"MLX (inferredBy_Orthology). ","ARNT; BHLHE40; BHLHE41; MLXIPL; SREBF1; SREBF2; TFE3; TFEB; TFEC; USF1 (inferredBy_MotifSimilarity). "
"DC_Gen3_Module","transfac_pro__M05091",3.5,0.104,"",""
"DC_Gen3_Module","predrem__nrMotif2542",3.49,0.104,"",""
"DC_Gen3_Module","flyfactorsurvey__HLH106_SANGER_10_FBgn0015234",3.49,0.104,"SREBF1; SREBF2 (inferredBy_Orthology). ","BHLHE41; TFE3; TFEB; TFEC; USF1 (inferredBy_MotifSimilarity). BHLHE40 (inferredBy_MotifSimilarity_n_Orthology). "
"DC_Gen3_Module","taipale_tf_pairs__TEAD4_SPDEF_RGAATGCGGAWRT_CAP_repr",3.49,0.104,"SPDEF; TEAD4 (directAnnotation). ",""
"DC_Gen3_Module","predrem__nrMotif371",3.48,0.104,"",""
"DC_Gen3_Module","yetfasco__YKL038W_2227",3.48,0.104,"",""
"DC_Gen3_Module","jaspar__MA1002.1",3.47,0.104,"","ATF3; KDM5A; TAF1; YY1 (inferredBy_MotifSimilarity). "
"DC_Gen3_Module","swissregulon__sacCer__ECM22",3.47,0.103,"",""
"DC_Gen3_Module","cisbp__M1926",3.47,0.103,"ZEB1 (directAnnotation). ",""
"DC_Gen3_Module","transfac_pro__M03862",3.46,0.103,"YBX1 (directAnnotation). ",""
"DC_Gen3_Module","dbcorrdb__E2F4__ENCSR000EVL_1__m2",3.46,0.103,"E2F4 (directAnnotation). ","FOS; NFYA; NFYB; NFYC; PBX3; RFX5; SP1; SREBF1 (inferredBy_MotifSimilarity). PBX1 (inferredBy_MotifSimilarity_n_Orthology). "
"DC_Gen3_Module","swissregulon__sacCer__CBF1",3.45,0.103,"","ARNT; BHLHE40; BHLHE41; MLX; NFE2; SIRT6; SREBF1; SREBF2; TFE3; TFEB; TFEC; USF1; USF2 (inferredBy_MotifSimilarity). ARNT2; ARNTL; ARNTL2 (inferredBy_MotifSimilarity_n_Orthology). "
"DC_Gen3_Module","cisbp__M0314",3.45,0.103,"CEBPB (inferredBy_Orthology). ","ATF3; ATF4; CEBPA; CEBPD; CEBPE; CEBPG; DBP; EP300; HLF; MYC; NFIL3; PPARGC1A; TEF (inferredBy_MotifSimilarity). DDIT3 (inferredBy_MotifSimilarity_n_Orthology). "
"DC_Gen3_Module","flyfactorsurvey__br-Z3_FlyReg_FBgn0000210",3.44,0.103,"",""
"DC_Gen3_Module","predrem__nrMotif2461",3.44,0.103,"",""
"DC_Gen3_Module","taipale_cyt_meth__CREB3_NGCCACRTCAYN_FL_meth",3.43,0.102,"CREB3 (directAnnotation). ","ATF6; ATF6B; CREB3L1; CREB3L2; CREB3L4; XBP1 (inferredBy_MotifSimilarity). "
"DC_Gen3_Module","transfac_pro__M06927",3.42,0.102,"EBF2 (inferredBy_Orthology). ",""
"DC_Gen3_Module","transfac_pro__M06516",3.42,0.102,"ZNF418 (directAnnotation). ",""
"DC_Gen3_Module","tiffin__TIFDMEM0000024",3.41,0.102,"",""
"DC_Gen3_Module","cisbp__M0320",3.41,0.102,"JUND (inferredBy_Orthology). ","FOS; FOSL2; JUNB (inferredBy_MotifSimilarity). FOSL1 (inferredBy_MotifSimilarity_n_Orthology). "
"DC_Gen3_Module","transfac_pro__M04693",3.41,0.102,"FOS (directAnnotation). ","ATF3; BACH2; BATF; FOSB; FOSL1; FOSL2; GATA2; JDP2; JUN; JUNB; JUND; MEF2C; NFATC1; NFE2; TCF7L2; TRIM28 (inferredBy_MotifSimilarity). "
"DC_Gen3_Module","cisbp__M0569",3.41,0.102,"",""
"DC_Gen3_Module","jaspar__MA0060.2",3.41,0.102,"NFYA (directAnnotation). ","E2F4; FOS; IRF3; NFYB; NFYC; YBX1 (inferredBy_MotifSimilarity). POLE3 (inferredBy_MotifSimilarity_n_Orthology). "
"DC_Gen3_Module","elemento__AGGAGCG",3.4,0.102,"",""
"DC_Gen3_Module","cisbp__M0856",3.4,0.102,"",""
"DC_Gen3_Module","scertf__badis.STP3",3.39,0.102,"",""
"DC_Gen3_Module","flyfactorsurvey__Mio_bigmax_SANGER_5_FBgn0032940",3.39,0.102,"MLXIP; MLXIPL (inferredBy_Orthology). ","MITF; MLX; TFE3; TFEB; TFEC (inferredBy_MotifSimilarity_n_Orthology). "
"DC_Gen3_Module","predrem__nrMotif377",3.39,0.101,"",""
"DC_Gen3_Module","dbcorrdb__NFYA__ENCSR000DNS_1__m1",3.39,0.101,"NFYA (directAnnotation). ","CHD2; E2F4; FOS; FOXI1; IRF3; NFYB; NFYC; PBX3; POLR2A; RFX5; SP1; SP2; SREBF1; SRF (inferredBy_MotifSimilarity). PBX1; POLE3; POLE4 (inferredBy_MotifSimilarity_n_Orthology). "
"DC_Gen3_Module","dbcorrdb__SRF__ENCSR000BGE_1__m3",3.38,0.101,"SRF (directAnnotation). ","NFYA; PBX3 (inferredBy_MotifSimilarity). "
"DC_Gen3_Module","transfac_pro__M04683",3.37,0.101,"NFYA (directAnnotation). ","CEBPZ; E2F4; FOS; FOXI1; IRF3; NFYB; NFYC; PBX3; RFX5; SP1; SREBF1; YBX1 (inferredBy_MotifSimilarity). PBX1; POLE3 (inferredBy_MotifSimilarity_n_Orthology). "
"DC_Gen3_Module","transfac_pro__M01065",3.37,0.101,"",""
"DC_Gen3_Module","flyfactorsurvey__Mitf_SANGER_5_FBgn0263112",3.36,0.101,"MITF; TFE3; TFEB; TFEC (inferredBy_Orthology). ","ARNT; BACH1; BHLHE40; BHLHE41; NFE2; SREBF1; SREBF2; USF1; USF2 (inferredBy_MotifSimilarity). MLX; MLXIP; MLXIPL (inferredBy_MotifSimilarity_n_Orthology). "
"DC_Gen3_Module","cisbp__M0204",3.36,0.101,"BHLHE40 (inferredBy_Orthology). ","ARNT2; ARNTL; ATF3; BHLHE41; CLOCK; USF2 (inferredBy_MotifSimilarity). ARNT; ARNTL2 (inferredBy_MotifSimilarity_n_Orthology). "
"DC_Gen3_Module","dbcorrdb__IRF3__ENCSR000EEJ_1__m1",3.36,0.101,"IRF3 (directAnnotation). ","CHD2; E2F4; FOS; FOXI1; NFYA; NFYB; NFYC; PBX3; RFX5; SP1; SP2; SREBF1; YBX1 (inferredBy_MotifSimilarity). PBX1; POLE3; POLE4 (inferredBy_MotifSimilarity_n_Orthology). "
"DC_Gen3_Module","cisbp__M2254",3.35,0.101,"KLF17; KLF18 (inferredBy_Orthology). ",""
"DC_Gen3_Module","predrem__nrMotif1358",3.35,0.101,"",""
"DC_Gen3_Module","predrem__nrMotif81",3.34,0.1,"",""
"DC_Gen3_Module","c2h2_zfs__M2013",3.34,0.1,"KLF17; KLF18 (inferredBy_Orthology). ",""
"DC_Gen3_Module","cisbp__M0315",3.33,0.1,"CEBPB (inferredBy_Orthology). ","CEBPA; CEBPD; CEBPE; CEBPG; EP300; HLF; PPARGC1A (inferredBy_MotifSimilarity). NFIL3 (inferredBy_MotifSimilarity_n_Orthology). "
"DC_Gen3_Module","cisbp__M6371",3.33,0.1,"NFYA (directAnnotation). ","CEBPZ; E2F4; FOS; FOXI1; IRF3; NFYB; NFYC; PBX3; RFX5; SP1; SREBF1; YBX1 (inferredBy_MotifSimilarity). PBX1; POLE3 (inferredBy_MotifSimilarity_n_Orthology). "
"DC_Gen3_Module","elemento__AAAAATA",3.33,0.0999,"",""
"DC_Gen3_Module","taipale_tf_pairs__E2F3_FOXI1_NNMCACCGCGCCCMN_CAP_repr",3.33,0.0999,"E2F3; FOXI1 (directAnnotation). ",""
"DC_Gen3_Module","taipale_cyt_meth__SREBF2_ATCACGTGAY_eDBD",3.33,0.0999,"SREBF2 (directAnnotation). ","ARNT; BHLHE40; BHLHE41; MLX; MLXIPL; SREBF1; TFE3; TFEB; TFEC; USF1 (inferredBy_MotifSimilarity). "
"DC_Gen3_Module","transfac_pro__M05156",3.32,0.0999,"",""
"DC_Gen3_Module","predrem__nrMotif2595",3.32,0.0998,"",""
"DC_Gen3_Module","cisbp__M5107",3.32,0.0997,"MLXIP; MLXIPL (inferredBy_Orthology). ","MITF; MLX; TFE3; TFEB; TFEC (inferredBy_MotifSimilarity_n_Orthology). "
"DC_Gen3_Module","dbcorrdb__IRF3__ENCSR000EDF_1__m1",3.32,0.0997,"IRF3 (directAnnotation). ","CEBPZ; CHD2; E2F4; FOS; FOXI1; NFYA; NFYB; NFYC; PBX3; RFX5; SP1; SREBF1; TBP; YBX1 (inferredBy_MotifSimilarity). PBX1; POLE3; POLE4 (inferredBy_MotifSimilarity_n_Orthology). "
"DC_Gen3_Module","cisbp__M6349",3.32,0.0997,"MYBL2 (directAnnotation). ",""
"DC_Gen3_Module","predrem__nrMotif1894",3.31,0.0996,"",""
"DC_Gen3_Module","jaspar__MA0367.1",3.31,0.0995,"",""
"DC_Gen3_Module","transfac_pro__M00913",3.3,0.0994,"MYB; MYBL2 (directAnnotation). ",""
"DC_Gen3_Module","hocomoco__NFYC_MOUSE.H11MO.0.B",3.3,0.0992,"NFYC (inferredBy_Orthology). ","CEBPZ; E2F4; FOS; FOXI1; IRF3; NFYA; NFYB; PBX3; RFX5; SP1; SREBF1; YBX1 (inferredBy_MotifSimilarity). PBX1; POLE3 (inferredBy_MotifSimilarity_n_Orthology). "
"DC_Gen3_Module","transfac_pro__M01965",3.29,0.0991,"",""
"DC_Gen3_Module","dbcorrdb__RFX5__ENCSR000DZW_1__m2",3.29,0.099,"RFX5 (directAnnotation). ","CEBPZ; CHD2; E2F4; FOS; FOXI1; IRF3; NFYA; NFYB; NFYC; PBX3; SP1; SP2; SREBF1 (inferredBy_MotifSimilarity). PBX1; POLE3 (inferredBy_MotifSimilarity_n_Orthology). "
"DC_Gen3_Module","taipale__CEBPG_DBD_NTTRCGCAAY",3.29,0.099,"CEBPG (directAnnotation). ","CEBPA; CEBPB; CEBPD; CEBPE; EP300 (inferredBy_MotifSimilarity). "
"DC_Gen3_Module","cisbp__M0018",3.28,0.0989,"","ATF3; KDM5A; PHF8; TAF1; YY1 (inferredBy_MotifSimilarity). "
"DC_Gen3_Module","transfac_pro__M05004",3.28,0.0988,"",""
"DC_Gen3_Module","predrem__nrMotif2673",3.28,0.0988,"",""
"DC_Gen3_Module","taipale_tf_pairs__GCM2_HOXA13_RTRCGGGTAATAAAN_CAP_repr",3.28,0.0987,"GCM2; HOXA13 (directAnnotation). ",""
"DC_Gen3_Module","taipale__Srebf1_DBD_RTCACGTGAY",3.27,0.0986,"SREBF1 (inferredBy_Orthology). ","ARNT; ATF3; BACH1; BHLHE40; BHLHE41; MLX; MLXIPL; NFE2; SREBF2; TFE3; TFEB; TFEC; USF1; USF2 (inferredBy_MotifSimilarity). ARNTL; ARNTL2; HELT (inferredBy_MotifSimilarity_n_Orthology). "
"DC_Gen3_Module","swissregulon__sacCer__RPH1",3.27,0.0985,"KDM4A; KDM4B; KDM4C; KDM4D; KDM4E; KDM4F (inferredBy_Orthology). ",""
"DC_Gen3_Module","cisbp__M4529",3.27,0.0985,"CEBPB (directAnnotation). ","ATF4; CEBPA; CEBPD; CEBPE; CEBPG; EP300 (inferredBy_MotifSimilarity). "
"DC_Gen3_Module","transfac_pro__M07644",3.27,0.0985,"SREBF1; SREBF2 (inferredBy_Orthology). ",""
"DC_Gen3_Module","transfac_pro__M05465",3.26,0.0983,"SNAI3 (inferredBy_Orthology). ",""
"DC_Gen3_Module","dbcorrdb__CEBPB__ENCSR000EFM_1__m1",3.26,0.0983,"CEBPB (directAnnotation). ","ATF4; CEBPA; CEBPD; CEBPE; CEBPG; DBP; EP300; JUN (inferredBy_MotifSimilarity). "
"DC_Gen3_Module","transfac_pro__M05059",3.26,0.0982,"",""
"DC_Gen3_Module","cisbp__M1890",3.26,0.0982,"NFYA (directAnnotation). ","E2F4; FOS; IRF3; NFYB; NFYC; YBX1 (inferredBy_MotifSimilarity). POLE3 (inferredBy_MotifSimilarity_n_Orthology). "
"DC_Gen3_Module","transfac_pro__M05430",3.25,0.0981,"RREB1 (directAnnotation). ",""
"DC_Gen3_Module","transfac_pro__M07355",3.25,0.0981,"NR3C1 (directAnnotation). ",""
"DC_Gen3_Module","predrem__nrMotif2464",3.25,0.0981,"",""
"DC_Gen3_Module","tfdimers__MD00394",3.25,0.098,"CDX2; PAX4 (directAnnotation). ",""
"DC_Gen3_Module","hocomoco__ZN563_HUMAN.H11MO.0.C",3.24,0.0979,"ZNF563 (directAnnotation). ",""
"DC_Gen3_Module","transfac_pro__M01457",3.24,0.0978,"NKX2-3 (directAnnotation). ",""
"DC_Gen3_Module","taipale_cyt_meth__HLF_NRTTRYGYAAYN_FL_meth_repr",3.23,0.0975,"HLF (directAnnotation). ","ATF2; ATF4; CEBPB; CEBPD; CEBPE; CEBPG; CREB1; DBP; NFIL3; TEF (inferredBy_MotifSimilarity). CEBPA (inferredBy_MotifSimilarity_n_Orthology). "
"DC_Gen3_Module","neph__UW.Motif.0088",3.22,0.0973,"","NFYA; NFYB; NFYC; RFX5 (inferredBy_MotifSimilarity). POLE3 (inferredBy_MotifSimilarity_n_Orthology). "
"DC_Gen3_Module","predrem__nrMotif1736",3.21,0.097,"",""
"DC_Gen3_Module","transfac_pro__M00777",3.21,0.097,"STAT1; STAT2; STAT3; STAT4; STAT5A; STAT5B; STAT6 (directAnnotation). ",""
"DC_Gen3_Module","transfac_pro__M05126",3.2,0.0969,"",""
"DC_Gen3_Module","transfac_pro__M02106",3.2,0.0969,"NFYA (directAnnotation). ","CEBPZ; CHD2; E2F4; FOS; FOXI1; IRF3; NFYB; NFYC; PBX3; RFX5; SP1; SREBF1; YBX1 (inferredBy_MotifSimilarity). PBX1; POLE3 (inferredBy_MotifSimilarity_n_Orthology). "
"DC_Gen3_Module","cisbp__M1800",3.2,0.0969,"",""
"DC_Gen3_Module","dbcorrdb__CHD1__ENCSR000AQK_1__m2",3.2,0.0969,"CHD1 (directAnnotation). ",""
"DC_Gen3_Module","taipale_tf_pairs__GCM2_FIGLA_NCASSTGNNNNNNNNRTRCGGG_CAP_repr",3.2,0.0968,"FIGLA; GCM2 (directAnnotation). ",""
"DC_Gen3_Module","transfac_pro__M07679",3.2,0.0967,"CREB3L1; CREB3L2 (inferredBy_Orthology). ","ATF6; ATF6B; CREB3; CREB3L4; CREM; XBP1 (inferredBy_MotifSimilarity). ATF3 (inferredBy_MotifSimilarity_n_Orthology). "
"DC_Gen3_Module","predrem__nrMotif813",3.2,0.0967,"",""
"DC_Gen3_Module","dbcorrdb__E2F4__ENCSR000DOR_1__m2",3.19,0.0966,"E2F4 (directAnnotation). ","CHD2; FOS; FOXI1; IRF3; NFYA; NFYB; NFYC; PBX3; POLR2A; RFX5; SP1; SP2; SREBF1 (inferredBy_MotifSimilarity). PBX1 (inferredBy_MotifSimilarity_n_Orthology). "
"DC_Gen3_Module","transfac_pro__M01673",3.19,0.0966,"SRF (inferredBy_Orthology). ",""
"DC_Gen3_Module","cisbp__M6186",3.19,0.0966,"DBP (directAnnotation). ","CEBPB; HLF; NFIL3; TEF (inferredBy_MotifSimilarity). "
"DC_Gen3_Module","neph__UW.Motif.0039",3.19,0.0966,"","MAFF (inferredBy_MotifSimilarity). "
"DC_Gen3_Module","jaspar__MA0103.2",3.19,0.0965,"ZEB1 (directAnnotation). ",""
"DC_Gen3_Module","swissregulon__hs__ZNF423.p2",3.19,0.0965,"ZNF423 (directAnnotation). ",""
"DC_Gen3_Module","dbcorrdb__HDAC6__ENCSR000ATJ_1__m2",3.18,0.0964,"HDAC6 (directAnnotation). ",""
"DC_Gen3_Module","dbcorrdb__SP2__ENCSR000BQG_1__m2",3.18,0.0964,"SP2 (directAnnotation). ","E2F4; FOS; IRF3; MAX; MYC; NFYA; NFYB; NFYC; PBX3; POLR2A; SP1 (inferredBy_MotifSimilarity). "
"DC_Gen3_Module","cisbp__M6474",3.18,0.0963,"SOX18 (directAnnotation). ",""
"DC_Gen3_Module","neph__UW.Motif.0377",3.18,0.0963,"",""
"DC_Gen3_Module","predrem__nrMotif1603",3.17,0.0962,"",""
"DC_Gen3_Module","hocomoco__ZSC16_HUMAN.H11MO.0.D",3.17,0.096,"ZSCAN16 (directAnnotation). ",""
"DC_Gen3_Module","homer__AGCCAATCGG_NFY",3.16,0.0959,"","CEBPZ; E2F4; FOS; IRF3; NFYA; NFYB; NFYC; PBX3; RFX5; SP1; SREBF1 (inferredBy_MotifSimilarity). PBX1; POLE3 (inferredBy_MotifSimilarity_n_Orthology). "
"DC_Gen3_Module","cisbp__M6236",3.16,0.0958,"FOXC2 (directAnnotation). ",""
"DC_Gen3_Module","taipale_tf_pairs__TEAD4_SPDEF_RGWATSCGGATGNNNNTCCKNNN_CAP_repr",3.15,0.0957,"SPDEF; TEAD4 (directAnnotation). ",""
"DC_Gen3_Module","transfac_pro__M01411",3.15,0.0955,"PKNOX2 (directAnnotation). ","MEIS1; MEIS2; MEIS3; PKNOX1; TGIF1 (inferredBy_MotifSimilarity). SNAI1; TGIF2 (inferredBy_MotifSimilarity_n_Orthology). "
"DC_Gen3_Module","cisbp__M6494",3.14,0.0954,"STAT2 (directAnnotation). ","IRF1; IRF2; IRF3; IRF4; IRF5; IRF6; IRF7; IRF8; IRF9; STAT1 (inferredBy_MotifSimilarity). "
"DC_Gen3_Module","swissregulon__sacCer__PUT3",3.14,0.0954,"",""
"DC_Gen3_Module","predrem__nrMotif1530",3.14,0.0954,"",""
"DC_Gen3_Module","hocomoco__DBP_HUMAN.H11MO.0.B",3.14,0.0954,"DBP (directAnnotation). ","CEBPB; HLF; NFIL3; TEF (inferredBy_MotifSimilarity). "
"DC_Gen3_Module","cisbp__M6373",3.14,0.0954,"NFYC (directAnnotation). ","E2F4; FOS; IRF3; NFYA; NFYB; PBX3; RFX5; SP1 (inferredBy_MotifSimilarity). PBX1 (inferredBy_MotifSimilarity_n_Orthology). "
"DC_Gen3_Module","predrem__nrMotif2214",3.14,0.0954,"",""
"DC_Gen3_Module","transfac_pro__M06008",3.14,0.0953,"ZBTB40 (directAnnotation). ",""
"DC_Gen3_Module","taipale_tf_pairs__TEAD4_ELF1_RGAATGCGGAAGTR_CAP",3.14,0.0953,"ELF1; TEAD4 (directAnnotation). ",""
"DC_Gen3_Module","neph__UW.Motif.0390",3.14,0.0952,"",""
"DC_Gen3_Module","predrem__nrMotif817",3.13,0.0951,"",""
"DC_Gen3_Module","cisbp__M0206",3.13,0.0951,"BHLHE41 (inferredBy_Orthology). ","BHLHE40 (inferredBy_MotifSimilarity_n_Orthology). "
"DC_Gen3_Module","dbcorrdb__POLR2A__ENCSR000EFK_1__m1",3.13,0.0951,"POLR2A (directAnnotation). ","ATF3; KDM5A; MYC; PHF8; RBBP5; TAF1; TAF7; THAP1; YY1 (inferredBy_MotifSimilarity). TAF1L (inferredBy_MotifSimilarity_n_Orthology). "
"DC_Gen3_Module","transfac_pro__M06634",3.13,0.0951,"ZSCAN5A (directAnnotation). ",""
"DC_Gen3_Module","taipale_cyt_meth__SREBF1_RTCAGGTGAY_eDBD_meth",3.13,0.0951,"SREBF1 (directAnnotation). ","SREBF2 (inferredBy_MotifSimilarity). "
"DC_Gen3_Module","cisbp__M6097",3.12,0.0949,"SREBF1 (inferredBy_Orthology). ","ARNT; ATF3; BACH1; BHLHE40; BHLHE41; MLX; MLXIPL; NFE2; SREBF2; TFE3; TFEB; TFEC; USF1; USF2 (inferredBy_MotifSimilarity). ARNTL; ARNTL2; HELT (inferredBy_MotifSimilarity_n_Orthology). "
"DC_Gen3_Module","predrem__nrMotif2548",3.12,0.0949,"",""
"DC_Gen3_Module","scertf__macisaac.SWI4",3.12,0.0949,"",""
"DC_Gen3_Module","hocomoco__HIC2_HUMAN.H11MO.0.D",3.12,0.0948,"HIC2 (directAnnotation). ",""
"DC_Gen3_Module","homer__ATTGCGCAAC_CEBP",3.11,0.0947,"CEBPB (inferredBy_Orthology). ","CEBPD; CEBPE; CEBPG (inferredBy_MotifSimilarity). CEBPA (inferredBy_MotifSimilarity_n_Orthology). "
"DC_Gen3_Module","transfac_pro__M06056",3.11,0.0947,"ZNF99 (directAnnotation). ","ZNF92 (inferredBy_MotifSimilarity). "
"DC_Gen3_Module","dbcorrdb__ZBTB33__ENCSR000BNY_1__m1",3.11,0.0945,"ZBTB33 (directAnnotation). ","BRCA1; CHD2; ETS1; NR3C1; RCOR1 (inferredBy_MotifSimilarity). "
"DC_Gen3_Module","transfac_pro__M01993",3.1,0.0944,"ETV6 (inferredBy_Orthology). ","EGR1; EHF; ELF1; ELF2; ELF3; ELF4; ELF5; ELK3; ETV7; NR2C2; STAT1 (inferredBy_MotifSimilarity). "
"DC_Gen3_Module","jaspar__MA0272.1",3.1,0.0944,"",""
"DC_Gen3_Module","predrem__nrMotif615",3.09,0.0941,"",""
"DC_Gen3_Module","transfac_pro__M07449",3.09,0.0941,"",""
"DC_Gen3_Module","scertf__badis.STP4",3.08,0.0939,"",""
"DC_Gen3_Module","cisbp__M2077",3.08,0.0939,"",""
"DC_Gen3_Module","transfac_pro__M08192",3.08,0.0939,"SRF (inferredBy_Orthology). ",""
"DC_Gen3_Module","predrem__nrMotif1856",3.08,0.0939,"",""
"DC_Gen3_Module","dbcorrdb__CEBPZ__ENCSR000EDO_1__m1",3.08,0.0939,"CEBPZ (directAnnotation). ",""
"DC_Gen3_Module","transfac_pro__M05086",3.08,0.0939,"",""
"DC_Gen3_Module","transfac_pro__M01970",3.07,0.0936,"",""
"DC_Gen3_Module","hocomoco__NFYC_HUMAN.H11MO.0.A",3.07,0.0936,"NFYC (directAnnotation). ","CEBPZ; E2F4; FOS; FOXI1; IRF3; NFYA; NFYB; PBX3; RFX5; SP1; SREBF1; YBX1 (inferredBy_MotifSimilarity). PBX1; POLE3 (inferredBy_MotifSimilarity_n_Orthology). "
"DC_Gen3_Module","elemento__CGCAGCA",3.07,0.0936,"",""
"DC_Gen3_Module","cisbp__M0363",3.07,0.0936,"","ATF6; ATF6B; CREB3; CREB3L1; CREB3L2; CREB3L4; XBP1 (inferredBy_MotifSimilarity). "
"DC_Gen3_Module","taipale__SREBF2_DBD_RTCACGTGAY",3.07,0.0935,"SREBF2 (directAnnotation). ","ARNT; ATF3; BACH1; BHLHE40; BHLHE41; MLX; MLXIPL; NFE2; SREBF1; TFE3; TFEB; TFEC; USF1; USF2 (inferredBy_MotifSimilarity). HELT; MITF (inferredBy_MotifSimilarity_n_Orthology). "
"DC_Gen3_Module","taipale_tf_pairs__GCM2_DLX3_RTRCGGGNNNNNTAATKR_CAP",3.07,0.0935,"DLX3; GCM2 (directAnnotation). ",""
"DC_Gen3_Module","elemento__CCTTTAAG",3.07,0.0935,"",""
"DC_Gen3_Module","cisbp__M0327",3.07,0.0935,"","CREB3; CREB3L1 (inferredBy_MotifSimilarity). ATF6; ATF6B; CREB3L2 (inferredBy_MotifSimilarity_n_Orthology). "
"DC_Gen3_Module","cisbp__M0201",3.06,0.0934,"TFEC (inferredBy_Orthology). ","ARNT; ARNTL; ATF3; BHLHE40; BHLHE41; MAX; MITF; MLX; MLXIPL; NFE2; SREBF1; SREBF2; TFE3; TFEB; USF1; USF2 (inferredBy_MotifSimilarity). ARNTL2; HELT (inferredBy_MotifSimilarity_n_Orthology). "
"DC_Gen3_Module","neph__UW.Motif.0211",3.06,0.0933,"",""
"DC_Gen3_Module","transfac_pro__M06317",3.05,0.0931,"ZNF829 (directAnnotation). ",""
"DC_Gen3_Module","dbcorrdb__SP1__ENCSR000BKO_1__m1",3.04,0.093,"SP1 (directAnnotation). ","E2F4; FOS; IRF3; NFYA; NFYB; NFYC; PBX3; RFX5; SREBF1 (inferredBy_MotifSimilarity). PBX1 (inferredBy_MotifSimilarity_n_Orthology). "
"DC_Gen3_Module","transfac_pro__M05060",3.04,0.0929,"",""
"DC_Gen3_Module","transfac_pro__M01996",3.04,0.0928,"AR (directAnnotation). ","FOXA1; NR3C1; PGR (inferredBy_MotifSimilarity). "
"DC_Gen3_Module","taipale_cyt_meth__ZNF713_NMGACGACTGCCACGAAAN_eDBD_repr",3.04,0.0928,"ZNF713 (directAnnotation). ",""
"DC_Gen3_Module","dbcorrdb__RFX5__ENCSR000ECX_1__m1",3.04,0.0928,"RFX5 (directAnnotation). ",""
"DC_Gen3_Module","transfac_pro__M09530",3.03,0.0927,"","ATF6; ATF6B; CREB3; CREB3L1; CREB3L2; CREB3L4; XBP1 (inferredBy_MotifSimilarity). "
"DC_Gen3_Module","predrem__nrMotif1822",3.03,0.0927,"",""
"DC_Gen3_Module","cisbp__M5866",3.03,0.0926,"SREBF2 (directAnnotation). ","ARNT; ATF3; BACH1; BHLHE40; BHLHE41; MLX; MLXIPL; NFE2; SREBF1; TFE3; TFEB; TFEC; USF1; USF2 (inferredBy_MotifSimilarity). HELT; MITF (inferredBy_MotifSimilarity_n_Orthology). "
"DC_Gen3_Module","swissregulon__hs__NFY_A_B_C_.p2",3.03,0.0926,"NFYA; NFYB; NFYC (directAnnotation). ","CEBPZ; CHD2; E2F4; FOS; FOXI1; IRF3; PBX3; RFX5; SP1; SP2; SREBF1 (inferredBy_MotifSimilarity). PBX1; POLE3 (inferredBy_MotifSimilarity_n_Orthology). "
"DC_Gen3_Module","predrem__nrMotif2485",3.03,0.0926,"",""
"DC_Gen3_Module","predrem__nrMotif2262",3.03,0.0925,"",""
"DC_Gen3_Module","cisbp__M0310",3.03,0.0925,"CEBPE (inferredBy_Orthology). ","EP300 (inferredBy_MotifSimilarity). CEBPA; CEBPB; CEBPG (inferredBy_MotifSimilarity_n_Orthology). "
"DC_Gen3_Module","cisbp__M1359",3.03,0.0925,"MYPOP (inferredBy_Orthology). ",""
"DC_Gen3_Module","swissregulon__sacCer__HAP4",3.03,0.0925,"","FOXI1; NFYA; NFYB; NFYC (inferredBy_MotifSimilarity). "
"DC_Gen3_Module","predrem__nrMotif1817",3.03,0.0925,"",""
"DC_Gen3_Module","predrem__nrMotif1739",3.03,0.0925,"",""
"DC_Gen3_Module","neph__UW.Motif.0346",3.03,0.0925,"",""
"DC_Gen3_Module","cisbp__M0492",3.02,0.0925,"",""
"DC_Gen3_Module","transfac_pro__M07886",3.02,0.0924,"REL; RELA; RELB (inferredBy_Orthology). ",""
"DC_Gen3_Module","dbcorrdb__SP1__ENCSR000BIR_1__m1",3.02,0.0924,"SP1 (directAnnotation). ","CHD2; E2F4; FOS; FOXI1; IRF3; NFYA; NFYB; NFYC; PBX3; RFX5; SREBF1 (inferredBy_MotifSimilarity). PBX1; POLE3 (inferredBy_MotifSimilarity_n_Orthology). "
"DC_Gen3_Module","dbcorrdb__CTCF__ENCSR000DPS_1__m2",3.02,0.0924,"CTCF (directAnnotation). ",""
"DC_Gen3_Module","swissregulon__hs__XBP1.p3",3.02,0.0923,"XBP1 (directAnnotation). ",""
"DC_Gen3_Module","hocomoco__KAISO_HUMAN.H11MO.1.A",3.02,0.0923,"ZBTB33 (directAnnotation). ","BRCA1; CHD2; ETS1; NR3C1; RCOR1 (inferredBy_MotifSimilarity). "
"DC_Gen3_Module","transfac_pro__M02775",3.01,0.0922,"MAFB (inferredBy_Orthology). ","MAF; MAFA; MAFF; MAFG; MAFK; NRL (inferredBy_MotifSimilarity). CIC (inferredBy_MotifSimilarity_n_Orthology). "
"DC_Gen3_Module","transfac_pro__M03805",3.01,0.0922,"YBX1 (directAnnotation). ","IRF3; NFYA; NFYB; NFYC; PBX3 (inferredBy_MotifSimilarity). PBX1 (inferredBy_MotifSimilarity_n_Orthology). "
"DC_Gen3_Module","taipale_cyt_meth__FLI1_NACCGGATATCCGGTN_FL",3.01,0.0922,"FLI1 (directAnnotation). ","ERG; ETV3 (inferredBy_MotifSimilarity). "
"DC_Gen3_Module","predrem__nrMotif2321",3.01,0.0922,"",""
"DC_Gen3_Module","transfac_public__M00183",3.01,0.0922,"MYB (directAnnotation). ",""
"DC_Gen3_Module","dbcorrdb__ZBTB33__ENCSR000BKF_1__m1",3.01,0.0921,"ZBTB33 (directAnnotation). ","BRCA1; CHD2; ETS1; MXI1; NR3C1; RCOR1 (inferredBy_MotifSimilarity). "
"DC_Gen3_Module","transfac_pro__M05001",3,0.092,"",""
"DC_Gen3_Module","predrem__nrMotif2413",3,0.092,"",""
"DC_Gen3_Module","scertf__macisaac.ARG81",3,0.092,"",""
"DC_Gen3_Module","fantom__motif152_GCKYRMKCGS",3,0.0919,"",""
"DC_Gen3_Module","transfac_pro__M05333",3,0.0919,"EGR3 (inferredBy_Orthology). ","EGR1; EGR2; EGR4; KLF1 (inferredBy_MotifSimilarity). WT1 (inferredBy_MotifSimilarity_n_Orthology). "
