"geneSet","motif","NES","AUC","TF_highConf","TF_lowConf"
"DC_Gen3_Module","dbcorrdb__HSF1__ENCSR000EET_1__m1",6.85,0.149,"HSF1 (directAnnotation). ","BRF1; GTF3C2; POLR3A; POLR3G; SREBF2 (inferredBy_MotifSimilarity). "
"DC_Gen3_Module","transfac_pro__M05409",6.65,0.145,"ZNF410 (inferredBy_Orthology). ",""
"DC_Gen3_Module","transfac_pro__M06869",6.63,0.145,"ZNF600 (directAnnotation). ",""
"DC_Gen3_Module","predrem__nrMotif1180",6.11,0.135,"",""
"DC_Gen3_Module","transfac_pro__M05195",5.97,0.132,"","EZH2 (inferredBy_MotifSimilarity). "
"DC_Gen3_Module","hdpi__NKX2-3",5.95,0.131,"NKX2-3 (directAnnotation). ",""
"DC_Gen3_Module","predrem__nrMotif2198",5.86,0.13,"",""
"DC_Gen3_Module","fantom__motif145_GMAGWCGMAW",5.8,0.128,"",""
"DC_Gen3_Module","c2h2_zfs__M3827",5.73,0.127,"SP2 (directAnnotation). ",""
"DC_Gen3_Module","neph__UW.Motif.0232",5.72,0.127,"",""
"DC_Gen3_Module","transfac_pro__M05833",5.56,0.123,"ZNF572 (directAnnotation). ",""
"DC_Gen3_Module","taipale_tf_pairs__GCM1_ELK3_ACCCGCANCCGGAAGN_CAP_repr",5.55,0.123,"ELK3; GCM1 (directAnnotation). ",""
"DC_Gen3_Module","predrem__nrMotif2181",5.51,0.123,"",""
"DC_Gen3_Module","predrem__nrMotif695",5.46,0.121,"",""
"DC_Gen3_Module","predrem__nrMotif2496",5.44,0.121,"",""
"DC_Gen3_Module","neph__UW.Motif.0549",5.37,0.12,"",""
"DC_Gen3_Module","transfac_pro__M09331",5.32,0.119,"",""
"DC_Gen3_Module","cisbp__M5996",5.3,0.118,"CREB3L2 (inferredBy_Orthology). ","ATF6; ATF6B; CREB3; CREB3L1; CREB3L4; CREM; XBP1 (inferredBy_MotifSimilarity). ATF3 (inferredBy_MotifSimilarity_n_Orthology). "
"DC_Gen3_Module","predrem__nrMotif1161",5.21,0.117,"",""
"DC_Gen3_Module","fantom__motif110_AGTCGCAGCG",5.13,0.115,"",""
"DC_Gen3_Module","predrem__nrMotif327",5.13,0.115,"",""
"DC_Gen3_Module","neph__UW.Motif.0254",5.09,0.114,"",""
"DC_Gen3_Module","hocomoco__GLI2_HUMAN.H11MO.0.D",4.95,0.111,"GLI2 (directAnnotation). ","GLI1; GLI3; GLIS1; GLIS2; GLIS3; ZIC1; ZIC2; ZIC3 (inferredBy_MotifSimilarity). "
"DC_Gen3_Module","cisbp__M6265",4.91,0.111,"GLI2 (directAnnotation). ","GLI1; GLI3; GLIS1; GLIS2; GLIS3; ZIC1; ZIC2; ZIC3 (inferredBy_MotifSimilarity). "
"DC_Gen3_Module","cisbp__M4892",4.9,0.11,"GLI1; GLI2; GLI3 (inferredBy_Orthology). ","GLIS1; GLIS2; GLIS3; ZIC1; ZIC2; ZIC3 (inferredBy_MotifSimilarity). "
"DC_Gen3_Module","scertf__foat.OPI1",4.89,0.11,"","BRF1; HSF1; POLR3A; POLR3G; SREBF2 (inferredBy_MotifSimilarity). "
"DC_Gen3_Module","cisbp__M4691",4.89,0.11,"GATA1 (directAnnotation). ","GATA3 (inferredBy_MotifSimilarity_n_Orthology). "
"DC_Gen3_Module","dbcorrdb__RELA__ENCSR000EAG_1__m2",4.89,0.11,"RELA (directAnnotation). ","JUNB (inferredBy_MotifSimilarity). "
"DC_Gen3_Module","predrem__nrMotif569",4.85,0.109,"",""
"DC_Gen3_Module","neph__UW.Motif.0085",4.85,0.109,"",""
"DC_Gen3_Module","factorbook__UA5",4.84,0.109,"","SP2 (inferredBy_MotifSimilarity). "
"DC_Gen3_Module","predrem__nrMotif1271",4.8,0.108,"",""
"DC_Gen3_Module","tfdimers__MD00492",4.8,0.108,"ZEB1; ZNF354C (directAnnotation). ",""
"DC_Gen3_Module","dbcorrdb__BRF2__ENCSR000DNV_1__m1",4.8,0.108,"BRF2 (directAnnotation). ",""
"DC_Gen3_Module","transfac_pro__M06289",4.77,0.108,"ZFP30 (inferredBy_Orthology). ",""
"DC_Gen3_Module","tfdimers__MD00474",4.72,0.107,"PAX4; TBP (directAnnotation). ",""
"DC_Gen3_Module","transfac_pro__M05283",4.71,0.107,"","ESRRA; EZH2 (inferredBy_MotifSimilarity). "
"DC_Gen3_Module","cisbp__M1304",4.71,0.107,"",""
"DC_Gen3_Module","homer__TACGTGCV_HIF-1a",4.69,0.106,"HIF1A (directAnnotation). ",""
"DC_Gen3_Module","taipale_tf_pairs__CUX1_NHLH1_NNCAGCTGNNNNNNNNNATYGATN_CAP_repr",4.68,0.106,"CUX1; NHLH1 (directAnnotation). ",""
"DC_Gen3_Module","hocomoco__ARNT_HUMAN.H11MO.0.B",4.68,0.106,"ARNT (directAnnotation). ","EPAS1 (inferredBy_MotifSimilarity). "
"DC_Gen3_Module","dbcorrdb__BRF1__ENCSR000DOJ_1__m1",4.67,0.106,"BRF1 (directAnnotation). ","ATF3; BDP1; BRF2; GTF3C2; POLR3A; POLR3G; TBL1XR1; TBP (inferredBy_MotifSimilarity). "
"DC_Gen3_Module","predrem__nrMotif608",4.65,0.105,"",""
"DC_Gen3_Module","transfac_pro__M03558",4.65,0.105,"TP73 (directAnnotation). ",""
"DC_Gen3_Module","tfdimers__MD00129",4.65,0.105,"CRX; NKX3-2 (directAnnotation). ",""
"DC_Gen3_Module","dbcorrdb__BRF1__ENCSR000DNW_1__m1",4.63,0.105,"BRF1 (directAnnotation). ","BDP1; GTF3C2; HSF1; POLR3A; POLR3G; SREBF2; TBP (inferredBy_MotifSimilarity). "
"DC_Gen3_Module","dbcorrdb__TRIM28__ENCSR000EYC_1__m4",4.63,0.105,"TRIM28 (directAnnotation). ",""
"DC_Gen3_Module","dbcorrdb__ATF3__ENCSR000BPS_1__m2",4.61,0.104,"ATF3 (directAnnotation). ",""
"DC_Gen3_Module","cisbp__M1848",4.58,0.104,"PAX5 (directAnnotation). ","PAX1; PAX2; PAX6; PAX8; PAX9 (inferredBy_MotifSimilarity). "
"DC_Gen3_Module","neph__UW.Motif.0574",4.55,0.103,"",""
"DC_Gen3_Module","transfac_pro__M07910",4.55,0.103,"OSR1; OSR2 (inferredBy_Orthology). ",""
"DC_Gen3_Module","idmmpmm__kni",4.52,0.103,"PPARA; PPARD; PPARG (inferredBy_Orthology). ",""
"DC_Gen3_Module","jaspar__MA0014.2",4.51,0.103,"PAX5 (directAnnotation). ","PAX1; PAX2; PAX6; PAX8; PAX9 (inferredBy_MotifSimilarity). "
"DC_Gen3_Module","transfac_pro__M06927",4.5,0.102,"EBF2 (inferredBy_Orthology). ",""
"DC_Gen3_Module","elemento__CATGTCG",4.49,0.102,"",""
"DC_Gen3_Module","transfac_pro__M02002",4.49,0.102,"MECOM (directAnnotation). ",""
"DC_Gen3_Module","cisbp__M3401",4.47,0.102,"HMX3 (inferredBy_Orthology). ","HMX1 (inferredBy_MotifSimilarity). "
"DC_Gen3_Module","transfac_pro__M06247",4.45,0.101,"ZNF234 (directAnnotation). ",""
"DC_Gen3_Module","scertf__morozov.MCM1",4.44,0.101,"SRF (inferredBy_Orthology). ",""
"DC_Gen3_Module","predrem__nrMotif431",4.43,0.101,"",""
"DC_Gen3_Module","hocomoco__ZSCA4_HUMAN.H11MO.0.D",4.42,0.101,"ZSCAN4 (directAnnotation). ",""
"DC_Gen3_Module","transfac_pro__M06140",4.4,0.1,"ZNF250 (directAnnotation). ",""
"DC_Gen3_Module","predrem__nrMotif2594",4.39,0.1,"",""
"DC_Gen3_Module","elemento__TCCATGTC",4.36,0.0995,"",""
"DC_Gen3_Module","transfac_pro__M06371",4.35,0.0993,"ZNF329 (inferredBy_Orthology). ",""
"DC_Gen3_Module","predrem__nrMotif443",4.34,0.0991,"",""
"DC_Gen3_Module","flyfactorsurvey__Ci_SANGER_5_FBgn0004859",4.33,0.099,"GLI1; GLI2; GLI3 (inferredBy_Orthology). ","GLIS1; GLIS2; GLIS3; ZIC1; ZIC2; ZIC3 (inferredBy_MotifSimilarity). "
"DC_Gen3_Module","swissregulon__sacCer__MCM1",4.32,0.0987,"SRF (inferredBy_Orthology). ",""
"DC_Gen3_Module","dbcorrdb__BDP1__ENCSR000DNX_1__m1",4.3,0.0984,"BDP1 (directAnnotation). ","BRF1; GTF3C2; HSF1; POLR3A; POLR3G; SREBF2 (inferredBy_MotifSimilarity). "
"DC_Gen3_Module","neph__UW.Motif.0207",4.29,0.098,"",""
"DC_Gen3_Module","tfdimers__MD00548",4.28,0.098,"CEBPA; CEBPB; CEBPD; CEBPE; CEBPG; MYCN (directAnnotation). ",""
"DC_Gen3_Module","jaspar__MA1044.1",4.28,0.098,"",""
"DC_Gen3_Module","predrem__nrMotif2014",4.27,0.0978,"",""
"DC_Gen3_Module","transfac_pro__M05450",4.24,0.0971,"ZNF654 (inferredBy_Orthology). ",""
"DC_Gen3_Module","hocomoco__HIF1A_HUMAN.H11MO.0.C",4.22,0.0967,"HIF1A (directAnnotation). ",""
"DC_Gen3_Module","transfac_pro__M05258",4.22,0.0967,"",""
"DC_Gen3_Module","neph__UW.Motif.0318",4.22,0.0966,"",""
"DC_Gen3_Module","transfac_pro__M01510",4.21,0.0965,"SRF (inferredBy_Orthology). ",""
"DC_Gen3_Module","predrem__nrMotif813",4.21,0.0965,"",""
"DC_Gen3_Module","tfdimers__MD00209",4.19,0.0962,"MZF1; TBP (directAnnotation). ",""
"DC_Gen3_Module","transfac_pro__M04981",4.19,0.0961,"",""
"DC_Gen3_Module","predrem__nrMotif2180",4.18,0.096,"",""
"DC_Gen3_Module","predrem__nrMotif246",4.18,0.0959,"",""
"DC_Gen3_Module","predrem__nrMotif1133",4.18,0.0958,"",""
"DC_Gen3_Module","dbcorrdb__PAX5__ENCSR000BHD_1__m1",4.17,0.0958,"PAX5 (directAnnotation). ","PAX1; PAX2; PAX6; PAX8; PAX9 (inferredBy_MotifSimilarity). "
"DC_Gen3_Module","cisbp__M0481",4.17,0.0957,"",""
"DC_Gen3_Module","taipale_tf_pairs__HOXB2_PAX9_NNMATTAGTCACGCWTSRNTG_CAP",4.17,0.0957,"HOXB2; PAX9 (directAnnotation). ",""
"DC_Gen3_Module","yetfasco__YMR043W_831",4.16,0.0956,"SRF (inferredBy_Orthology). ",""
"DC_Gen3_Module","cisbp__M1404",4.14,0.0952,"",""
"DC_Gen3_Module","transfac_pro__M06587",4.13,0.0949,"ZNF384 (directAnnotation). ",""
"DC_Gen3_Module","transfac_pro__M04843",4.13,0.0949,"SMC3 (directAnnotation). ",""
"DC_Gen3_Module","transfac_pro__M06804",4.12,0.0947,"PRDM15 (directAnnotation). ",""
"DC_Gen3_Module","transfac_pro__M00466",4.11,0.0944,"ARNT; HIF1A (directAnnotation). ",""
"DC_Gen3_Module","transfac_pro__M09217",4.07,0.0938,"",""
"DC_Gen3_Module","predrem__nrMotif475",4.07,0.0938,"",""
"DC_Gen3_Module","transfac_pro__M06684",4.05,0.0934,"ZNF358 (directAnnotation). ",""
"DC_Gen3_Module","stark__ATGTGAT",4.04,0.0932,"",""
"DC_Gen3_Module","flyfactorsurvey__z_FlyReg_FBgn0004050",4.04,0.0932,"",""
"DC_Gen3_Module","predrem__nrMotif1169",4.04,0.0931,"",""
"DC_Gen3_Module","transfac_pro__M05566",4.03,0.093,"ZSCAN25 (directAnnotation). ",""
"DC_Gen3_Module","transfac_pro__M03878",4.03,0.093,"HIVEP2 (directAnnotation). ",""
"DC_Gen3_Module","hocomoco__OTX1_HUMAN.H11MO.0.D",4.03,0.0929,"OTX1 (directAnnotation). ",""
"DC_Gen3_Module","cisbp__M2062",4.03,0.0929,"",""
"DC_Gen3_Module","dbcorrdb__ZNF217__ENCSR000EWU_1__m2",4.02,0.0927,"ZNF217 (directAnnotation). ",""
"DC_Gen3_Module","dbcorrdb__eGFP-HDAC8__ENCSR000DJZ_1__m3",4.01,0.0925,"",""
"DC_Gen3_Module","transfac_pro__M07757",4,0.0924,"",""
"DC_Gen3_Module","hocomoco__PBX3_HUMAN.H11MO.0.A",4,0.0923,"PBX3 (directAnnotation). ","PBX1; PKNOX1 (inferredBy_MotifSimilarity). "
"DC_Gen3_Module","transfac_pro__M06430",4,0.0923,"ZNF329 (directAnnotation). ",""
"DC_Gen3_Module","predrem__nrMotif845",4,0.0922,"",""
"DC_Gen3_Module","tfdimers__MD00116",4,0.0922,"CRX; SPZ1 (directAnnotation). ",""
"DC_Gen3_Module","predrem__nrMotif1057",3.98,0.0919,"",""
"DC_Gen3_Module","transfac_pro__M05510",3.97,0.0918,"PLAGL2 (directAnnotation). ",""
"DC_Gen3_Module","neph__UW.Motif.0396",3.96,0.0915,"",""
"DC_Gen3_Module","predrem__nrMotif963",3.96,0.0915,"",""
"DC_Gen3_Module","transfac_pro__M06150",3.95,0.0914,"ZNF81 (directAnnotation). ",""
"DC_Gen3_Module","cisbp__M5759",3.95,0.0913,"RARA (directAnnotation). ","HNF4A; NR2E1; NR2F1; NR2F6; PPARG; RARB; RARG (inferredBy_MotifSimilarity). RXRA (inferredBy_MotifSimilarity_n_Orthology). "
"DC_Gen3_Module","dbcorrdb__TBL1XR1__ENCSR000EGA_1__m4",3.94,0.0912,"TBL1XR1 (directAnnotation). ","POLR3A; POLR3G (inferredBy_MotifSimilarity). "
"DC_Gen3_Module","transfac_pro__M05253",3.94,0.0911,"",""
"DC_Gen3_Module","transfac_pro__M05902",3.93,0.091,"ZNF100 (directAnnotation). ",""
"DC_Gen3_Module","jaspar__MA0091.1",3.92,0.0908,"TCF3 (directAnnotation). ","OLIG2; OLIG3; TAL1; TCF12; TCF4 (inferredBy_MotifSimilarity). ATOH1; MSC; TCF21 (inferredBy_MotifSimilarity_n_Orthology). "
"DC_Gen3_Module","neph__UW.Motif.0462",3.92,0.0907,"",""
"DC_Gen3_Module","elemento__ACATGAC",3.92,0.0907,"",""
"DC_Gen3_Module","tfdimers__MD00535",3.91,0.0906,"FOXG1; FOXO1; TFAP4 (directAnnotation). ",""
"DC_Gen3_Module","transfac_pro__M06911",3.91,0.0905,"ZNF235 (inferredBy_Orthology). ",""
"DC_Gen3_Module","predrem__nrMotif231",3.9,0.0904,"",""
"DC_Gen3_Module","dbcorrdb__BDP1__ENCSR000DNX_1__m2",3.88,0.0899,"BDP1 (directAnnotation). ",""
"DC_Gen3_Module","flyfactorsurvey__lola-PA_SOLEXA_FBgn0005630",3.88,0.0899,"",""
"DC_Gen3_Module","transfac_pro__M01355",3.88,0.0899,"ALX3 (directAnnotation). ","ARX; EN1; EVX1; HOXD1; LBX2; LHX2; LHX3; LHX4; LHX6; PAX4; POU3F2; POU6F1; PRRX2; RAX; SHOX; UNCX; ZFHX2 (inferredBy_MotifSimilarity). EMX1; EMX2; EN2; ESX1; LHX8; NOTO; OTP; PRRX1; VSX2 (inferredBy_MotifSimilarity_n_Orthology). "
"DC_Gen3_Module","transfac_public__M00181",3.85,0.0894,"",""
"DC_Gen3_Module","predrem__nrMotif2451",3.85,0.0892,"",""
"DC_Gen3_Module","neph__UW.Motif.0601",3.83,0.089,"",""
"DC_Gen3_Module","taipale__RARA_DBD_RAGGTCAAAAGGTCAAKN_repr",3.82,0.0887,"RARA (directAnnotation). ","HNF4A; NR2E1; NR2F1; NR2F6; PPARG; RARB; RARG (inferredBy_MotifSimilarity). RXRA (inferredBy_MotifSimilarity_n_Orthology). "
"DC_Gen3_Module","neph__UW.Motif.0323",3.79,0.0881,"",""
"DC_Gen3_Module","transfac_pro__M09246",3.78,0.088,"",""
"DC_Gen3_Module","cisbp__M2072",3.78,0.0878,"GTF3A; ZXDA; ZXDB; ZXDC (inferredBy_Orthology). ",""
"DC_Gen3_Module","predrem__nrMotif2555",3.78,0.0878,"",""
"DC_Gen3_Module","predrem__nrMotif1068",3.77,0.0878,"",""
"DC_Gen3_Module","hocomoco__GLIS2_HUMAN.H11MO.0.D",3.77,0.0877,"GLIS2 (directAnnotation). ","GLI2; GLIS1; GLIS3 (inferredBy_MotifSimilarity). "
"DC_Gen3_Module","predrem__nrMotif1629",3.76,0.0876,"",""
"DC_Gen3_Module","taipale__GLIS2_DBD_GACCCCCCGCGNNG_repr",3.76,0.0876,"GLIS2 (directAnnotation). ","GLI2; GLIS1; GLIS3 (inferredBy_MotifSimilarity). "
"DC_Gen3_Module","transfac_pro__M05223",3.76,0.0875,"",""
"DC_Gen3_Module","transfac_pro__M06018",3.75,0.0874,"ZNF233 (directAnnotation). ",""
"DC_Gen3_Module","taipale_cyt_meth__ZNF524_NYTCGNACCCRN_FL_meth",3.75,0.0874,"ZNF524 (directAnnotation). ",""
"DC_Gen3_Module","hocomoco__RUNX3_HUMAN.H11MO.0.A",3.75,0.0874,"RUNX3 (directAnnotation). ","BCL11A; CBFB; CEBPB; EP300; FOXM1; IKZF1; MTA3; NFATC1; NFIC; RUNX1; RUNX2; STAT3; STAT5A; TBL1XR1 (inferredBy_MotifSimilarity). "
"DC_Gen3_Module","hocomoco__HEY2_HUMAN.H11MO.0.D",3.75,0.0873,"HEY2 (directAnnotation). ",""
"DC_Gen3_Module","flyfactorsurvey__Espl_FlyReg_FBgn0000591",3.74,0.0872,"",""
"DC_Gen3_Module","taipale__Barhl1_DBD_TAAWYGNNNNTAAWYG_repr",3.74,0.0872,"BARHL1 (inferredBy_Orthology). ","BARHL2; PDX1 (inferredBy_MotifSimilarity). "
"DC_Gen3_Module","predrem__nrMotif1184",3.74,0.0872,"",""
"DC_Gen3_Module","transfac_pro__M01616",3.74,0.0872,"GTF3A; ZXDA; ZXDB; ZXDC (inferredBy_Orthology). ",""
"DC_Gen3_Module","dbcorrdb__STAT1__ENCSR000FAV_1__m3",3.74,0.0871,"STAT1 (directAnnotation). ",""
"DC_Gen3_Module","cisbp__M4569",3.74,0.087,"HSF1 (directAnnotation). ","BDP1; BRF1; GTF3C2; POLR3A; POLR3G; SREBF2; TBP (inferredBy_MotifSimilarity). "
"DC_Gen3_Module","predrem__nrMotif2025",3.73,0.087,"",""
"DC_Gen3_Module","elemento__TGCGTGC",3.73,0.0869,"",""
"DC_Gen3_Module","dbcorrdb__TRIM28__ENCSR000EVY_1__m4",3.73,0.0869,"TRIM28 (directAnnotation). ","ZNF274 (inferredBy_MotifSimilarity). "
"DC_Gen3_Module","elemento__TGGTGCC",3.73,0.0869,"",""
"DC_Gen3_Module","dbcorrdb__STAT1__ENCSR000DZM_1__m6",3.72,0.0868,"STAT1 (directAnnotation). ","BHLHE40; MAX; MYC; USF1 (inferredBy_MotifSimilarity). "
"DC_Gen3_Module","transfac_pro__M06306",3.72,0.0867,"ZNF568 (directAnnotation). ",""
"DC_Gen3_Module","taipale__FOXP3_DBD_RTAAACA",3.71,0.0866,"FOXP3 (directAnnotation). ","FOXC2; FOXD2; FOXG1 (inferredBy_MotifSimilarity). FOXC1; FOXK1 (inferredBy_MotifSimilarity_n_Orthology). "
"DC_Gen3_Module","stark__RWWWASWBDYSKNMW",3.71,0.0865,"IRX1; IRX2; IRX3; IRX4; IRX5; IRX6 (inferredBy_Orthology). ",""
"DC_Gen3_Module","hocomoco__SHOX2_HUMAN.H11MO.0.D",3.7,0.0863,"SHOX2 (directAnnotation). ","ALX3; BARHL2; DBX1; DLX1; DLX4; DLX6; DMBX1; EMX1; EMX2; EN1; EN2; ESX1; GBX1; GBX2; GSX1; GSX2; HESX1; HOXB3; ISX; LBX2; LHX2; LHX4; LHX6; LHX9; LMX1B; NOTO; PAX4; POU6F2; PRRX1; PRRX2; RAX; RAX2; SHOX; TLX2; TLX3; UNCX; VAX1; VAX2; VENTX; VSX1; VSX2; ZFHX2 (inferredBy_MotifSimilarity). ALX4; ARX; BSX; HOXD1; LBX1; LHX3; LHX8; MNX1; OTP; PAX7 (inferredBy_MotifSimilarity_n_Orthology). "
"DC_Gen3_Module","transfac_public__M00065",3.7,0.0863,"TAL1; TCF3 (directAnnotation). ","OLIG3 (inferredBy_MotifSimilarity). OLIG2 (inferredBy_MotifSimilarity_n_Orthology). "
"DC_Gen3_Module","transfac_public__M00266",3.7,0.0863,"FOXC1; FOXC2; FOXS1 (inferredBy_Orthology). ",""
"DC_Gen3_Module","homer__GCTAATCC_CRX",3.69,0.0862,"CRX (inferredBy_Orthology). ","GSC (inferredBy_MotifSimilarity). PITX1 (inferredBy_MotifSimilarity_n_Orthology). "
"DC_Gen3_Module","jaspar__MA0267.1",3.69,0.0861,"GTF3A; ZXDA; ZXDB; ZXDC (inferredBy_Orthology). ",""
"DC_Gen3_Module","predrem__nrMotif987",3.68,0.0859,"",""
"DC_Gen3_Module","transfac_pro__M08865",3.67,0.0856,"RUNX1 (directAnnotation). ","CBFB; RUNX2; RUNX3 (inferredBy_MotifSimilarity). "
"DC_Gen3_Module","predrem__nrMotif1097",3.67,0.0856,"",""
"DC_Gen3_Module","stark__ATCTNATC",3.67,0.0856,"",""
"DC_Gen3_Module","elemento__AGTGCTGG",3.66,0.0856,"",""
"DC_Gen3_Module","predrem__nrMotif2284",3.65,0.0854,"",""
"DC_Gen3_Module","cisbp__M5474",3.65,0.0853,"FOXP3 (directAnnotation). ","FOXC2; FOXD2; FOXG1; FOXO1 (inferredBy_MotifSimilarity). FOXC1; FOXK1 (inferredBy_MotifSimilarity_n_Orthology). "
"DC_Gen3_Module","dbcorrdb__BDP1__ENCSR000DOK_1__m1",3.64,0.0851,"BDP1 (directAnnotation). ","ATF3; BRF1; BRF2; GTF3C2; POLR3A; POLR3G; TBL1XR1; TBP (inferredBy_MotifSimilarity). "
"DC_Gen3_Module","hocomoco__PBX1_MOUSE.H11MO.0.A",3.63,0.085,"PBX1 (inferredBy_Orthology). ","PBX3; PKNOX1 (inferredBy_MotifSimilarity). "
"DC_Gen3_Module","taipale_cyt_meth__IRF2_YGAAASYGAAAS_FL",3.62,0.0847,"IRF2 (directAnnotation). ","IRF1; IRF3; IRF4; IRF5; IRF7; IRF8; IRF9 (inferredBy_MotifSimilarity). "
"DC_Gen3_Module","cisbp__M6323",3.61,0.0846,"KLF3 (directAnnotation). ","KLF1; KLF4; KLF5 (inferredBy_MotifSimilarity). KLF8 (inferredBy_MotifSimilarity_n_Orthology). "
"DC_Gen3_Module","neph__UW.Motif.0096",3.61,0.0845,"",""
"DC_Gen3_Module","transfac_pro__M01173",3.61,0.0845,"SREBF1 (directAnnotation). ","SREBF2 (inferredBy_MotifSimilarity). NR0B1 (inferredBy_MotifSimilarity_n_Orthology). "
"DC_Gen3_Module","elemento__TCCCAGCAC",3.6,0.0844,"",""
"DC_Gen3_Module","predrem__nrMotif42",3.59,0.0842,"",""
"DC_Gen3_Module","cisbp__M5992",3.59,0.0841,"BARHL1 (inferredBy_Orthology). ","BARHL2; PDX1 (inferredBy_MotifSimilarity). "
"DC_Gen3_Module","predrem__nrMotif2042",3.59,0.0841,"",""
"DC_Gen3_Module","homer__NNNNNBAGATAWYATCTVHN_GATA",3.58,0.084,"GATA3 (inferredBy_Orthology). ","GATA1 (inferredBy_MotifSimilarity). "
"DC_Gen3_Module","predrem__nrMotif2404",3.58,0.0839,"",""
"DC_Gen3_Module","jaspar__MA0955.1",3.57,0.0838,"",""
"DC_Gen3_Module","transfac_pro__M00769",3.57,0.0837,"CBFB; RUNX1; RUNX2; RUNX3 (directAnnotation). ",""
"DC_Gen3_Module","transfac_pro__M03130",3.57,0.0837,"","BHLHE22; BHLHE23; OLIG3 (inferredBy_MotifSimilarity). MSC (inferredBy_MotifSimilarity_n_Orthology). "
"DC_Gen3_Module","dbcorrdb__CEBPB__ENCSR000BRX_1__m3",3.57,0.0837,"CEBPB (directAnnotation). ",""
"DC_Gen3_Module","flyfactorsurvey__CG4404_SANGER_5_FBgn0030432",3.56,0.0836,"",""
"DC_Gen3_Module","transfac_public__M00033",3.56,0.0836,"EP300 (directAnnotation). ",""
"DC_Gen3_Module","predrem__nrMotif1156",3.56,0.0835,"",""
"DC_Gen3_Module","transfac_pro__M07384",3.56,0.0834,"HIF1A (directAnnotation). ",""
"DC_Gen3_Module","predrem__nrMotif2009",3.55,0.0834,"",""
"DC_Gen3_Module","cisbp__M1498",3.55,0.0834,"",""
"DC_Gen3_Module","transfac_pro__M03838",3.55,0.0834,"OTX1 (directAnnotation). ",""
"DC_Gen3_Module","transfac_pro__M04668",3.54,0.0831,"FOXP1; FOXP2; FOXP3; FOXP4 (inferredBy_Orthology). ",""
"DC_Gen3_Module","tfdimers__MD00014",3.53,0.083,"ARID3A; KLF4 (directAnnotation). ",""
"DC_Gen3_Module","hocomoco__PAX5_MOUSE.H11MO.0.A",3.53,0.0829,"PAX5 (inferredBy_Orthology). ","PAX1; PAX2; PAX6; PAX8; PAX9 (inferredBy_MotifSimilarity). "
"DC_Gen3_Module","predrem__nrMotif1248",3.53,0.0829,"",""
"DC_Gen3_Module","transfac_pro__M07045",3.52,0.0828,"IRF1 (directAnnotation). ","IRF2; IRF3; IRF4; IRF5; IRF6; IRF7; IRF8; IRF9; PRDM1; STAT1; STAT2 (inferredBy_MotifSimilarity). "
"DC_Gen3_Module","cisbp__M5491",3.52,0.0827,"GLIS2 (directAnnotation). ","GLI2; GLIS1; GLIS3 (inferredBy_MotifSimilarity). "
"DC_Gen3_Module","hocomoco__TAL1_MOUSE.H11MO.0.A",3.52,0.0827,"TAL1 (inferredBy_Orthology). ","ARID3A; BCL3; CCNT2; EP300; GATA1; GATA2; GATA3; GATA4; GATA5; GATA6; HDAC2; JUN; NR2F2; PML; POLR2A; RCOR1; SIRT6; SMARCA4; SMARCB1; STAT5A; TBL1XR1; TEAD4 (inferredBy_MotifSimilarity). "
"DC_Gen3_Module","swissregulon__sacCer__YOX1",3.51,0.0826,"","LHX3; LHX4; LMX1A (inferredBy_MotifSimilarity). DRGX; LHX1; LHX5; OTP (inferredBy_MotifSimilarity_n_Orthology). "
"DC_Gen3_Module","dbcorrdb__RXRA__ENCSR000BJD_1__m4",3.51,0.0825,"RXRA (directAnnotation). ",""
"DC_Gen3_Module","elemento__AAGTGCTG",3.5,0.0824,"",""
"DC_Gen3_Module","transfac_public__M00144",3.5,0.0824,"PAX5 (directAnnotation). ",""
"DC_Gen3_Module","tfdimers__MD00393",3.5,0.0823,"ETS1; SOX10 (directAnnotation). ",""
"DC_Gen3_Module","cisbp__M1568",3.49,0.0822,"",""
"DC_Gen3_Module","jaspar__MA0548.1",3.49,0.0821,"","MEF2A; MEF2C (inferredBy_MotifSimilarity). "
"DC_Gen3_Module","transfac_pro__M09435",3.48,0.0819,"",""
"DC_Gen3_Module","cisbp__M2546",3.47,0.0818,"FOXC1; FOXC2; FOXS1 (inferredBy_Orthology). ",""
"DC_Gen3_Module","cisbp__M0494",3.47,0.0818,"",""
"DC_Gen3_Module","transfac_pro__M01735",3.46,0.0816,"PITX3 (directAnnotation). ",""
"DC_Gen3_Module","tfdimers__MD00294",3.46,0.0815,"HNF4A; HNF4G; ING4; NR2F1; NR2F2 (directAnnotation). ",""
"DC_Gen3_Module","predrem__nrMotif268",3.46,0.0815,"",""
"DC_Gen3_Module","transfac_pro__M07454",3.46,0.0815,"GLI1 (directAnnotation). ","GLI2; GLI3; GLIS1; ZIC1; ZIC2; ZIC3 (inferredBy_MotifSimilarity). "
"DC_Gen3_Module","taipale_cyt_meth__PITX2_NTAATCCN_eDBD",3.45,0.0814,"PITX2 (directAnnotation). ",""
"DC_Gen3_Module","dbcorrdb__GATA2__ENCSR000BKM_1__m1",3.45,0.0812,"GATA2 (directAnnotation). ","ARID3A; BCL3; CCNT2; EP300; GATA1; GATA3; GATA4; GATA5; GATA6; HDAC2; HMGN3; JUN; NR2F2; PML; POLR2A; RCOR1; SIRT6; SMARCA4; SMARCB1; STAT5A; TAL1; TBL1XR1 (inferredBy_MotifSimilarity). "
"DC_Gen3_Module","cisbp__M1316",3.44,0.0811,"",""
"DC_Gen3_Module","transfac_pro__M05517",3.43,0.0809,"IKZF2 (directAnnotation). ",""
"DC_Gen3_Module","transfac_pro__M03185",3.43,0.0809,"",""
"DC_Gen3_Module","stark__BYRHBACAAWGTDDB",3.43,0.0809,"DMRTA1; DMRTA2 (inferredBy_Orthology). ",""
"DC_Gen3_Module","fantom__motif84_GGKTTYT",3.42,0.0808,"",""
"DC_Gen3_Module","cisbp__M5784",3.42,0.0808,"RHOXF1 (directAnnotation). ",""
"DC_Gen3_Module","cisbp__M6166",3.42,0.0807,"CDC5L (directAnnotation). ",""
"DC_Gen3_Module","dbcorrdb__SIN3A__ENCSR000BOW_1__m4",3.42,0.0807,"SIN3A (directAnnotation). ","CREB1 (inferredBy_MotifSimilarity). "
"DC_Gen3_Module","idmmpmm__bcd",3.42,0.0807,"","CRX; GSC2; PITX1; PITX3; RHOXF2 (inferredBy_MotifSimilarity). "
"DC_Gen3_Module","transfac_pro__M04984",3.42,0.0807,"",""
"DC_Gen3_Module","transfac_pro__M09394",3.41,0.0805,"",""
"DC_Gen3_Module","transfac_pro__M05864",3.41,0.0805,"ZNF615 (directAnnotation). ",""
"DC_Gen3_Module","cisbp__M5240",3.41,0.0805,"","ARNT; ARNT2; SIM1; SIM2 (inferredBy_MotifSimilarity_n_Orthology). "
"DC_Gen3_Module","transfac_pro__M06112",3.4,0.0804,"ZNF682 (directAnnotation). ",""
"DC_Gen3_Module","dbcorrdb__ZNF274__ENCSR000EWY_1__m7",3.4,0.0804,"ZNF274 (directAnnotation). ","CBX3 (inferredBy_MotifSimilarity). "
"DC_Gen3_Module","transfac_pro__M04722",3.4,0.0803,"SPI1 (directAnnotation). ","BCL11A; EP300; IKZF1; IRF4; IRF8; PAX5; STAT3; TBL1XR1 (inferredBy_MotifSimilarity). "
"DC_Gen3_Module","cisbp__M5488",3.4,0.0803,"GLI2 (directAnnotation). ","GLI1; GLI3; GLIS1; GLIS2; GLIS3; ZIC1; ZIC2; ZIC3 (inferredBy_MotifSimilarity). "
"DC_Gen3_Module","predrem__nrMotif387",3.4,0.0803,"",""
"DC_Gen3_Module","taipale_tf_pairs__ETV2_GSC2_RCCGGANNNNNNNNTAATCCN_CAP_repr",3.39,0.0802,"ETV2; GSC2 (directAnnotation). ",""
"DC_Gen3_Module","cisbp__M6307",3.38,0.08,"IRF1 (directAnnotation). ","IRF2; IRF3; IRF4; IRF5; IRF6; IRF7; IRF8; IRF9; PRDM1; STAT1; STAT2; STAT3; TBL1XR1 (inferredBy_MotifSimilarity). "
"DC_Gen3_Module","transfac_pro__M01168",3.38,0.0799,"SREBF1; SREBF2 (directAnnotation). ","NR0B1 (inferredBy_MotifSimilarity_n_Orthology). "
"DC_Gen3_Module","hocomoco__RUNX1_MOUSE.H11MO.0.A",3.38,0.0799,"","CBFB; CEBPB; IKZF1; MTA3; RUNX1; RUNX2; RUNX3; TBL1XR1 (inferredBy_MotifSimilarity). "
"DC_Gen3_Module","elemento__CTCCCGC",3.37,0.0798,"",""
"DC_Gen3_Module","taipale_cyt_meth__IRF2_YGAAASYGAAAS_FL_meth",3.36,0.0796,"IRF2 (directAnnotation). ","IRF1; IRF3; IRF4; IRF5; IRF7; IRF8; IRF9 (inferredBy_MotifSimilarity). "
"DC_Gen3_Module","transfac_pro__M02012",3.36,0.0795,"HIF1A (directAnnotation). ",""
"DC_Gen3_Module","dbcorrdb__NR2F2__ENCSR000BRS_1__m1",3.35,0.0794,"NR2F2 (directAnnotation). ","ARID3A; BCL3; CCNT2; EP300; GATA1; GATA2; GATA3; GATA4; GATA5; GATA6; HDAC2; HMGN3; JUN; PML; POLR2A; RCOR1; SIRT6; SMARCA4; SMARCB1; STAT5A; TAL1; TBL1XR1 (inferredBy_MotifSimilarity). TRPS1 (inferredBy_MotifSimilarity_n_Orthology). "
"DC_Gen3_Module","swissregulon__hs__SMAD1..7_9.p2",3.35,0.0793,"SMAD1; SMAD2; SMAD3; SMAD4; SMAD5; SMAD6; SMAD7; SMAD9 (directAnnotation). ",""
"DC_Gen3_Module","taipale_tf_pairs__POU2F1_FOXO6_RMATATKCNNNNNNNNNNNNNNNNRWMAACA_CAP_repr",3.35,0.0793,"FOXO6; POU2F1 (directAnnotation). ",""
"DC_Gen3_Module","transfac_pro__M06790",3.35,0.0793,"ZBTB12 (directAnnotation). ",""
"DC_Gen3_Module","dbcorrdb__PAX5__ENCSR000BJH_1__m1",3.34,0.0791,"PAX5 (directAnnotation). ","PAX1; PAX2; PAX6; PAX8; PAX9 (inferredBy_MotifSimilarity). "
"DC_Gen3_Module","predrem__nrMotif68",3.34,0.079,"",""
"DC_Gen3_Module","tfdimers__MD00455",3.34,0.079,"ETS1; MZF1 (directAnnotation). ",""
"DC_Gen3_Module","cisbp__M4286",3.34,0.079,"",""
"DC_Gen3_Module","transfac_pro__M05210",3.33,0.0789,"",""
"DC_Gen3_Module","transfac_pro__M07350",3.32,0.0788,"ARNTL (directAnnotation). ",""
"DC_Gen3_Module","dbcorrdb__TBP__ENCSR000EEL_1__m2",3.32,0.0788,"TBP (directAnnotation). ",""
"DC_Gen3_Module","predrem__nrMotif1603",3.32,0.0788,"",""
"DC_Gen3_Module","predrem__nrMotif275",3.32,0.0787,"",""
"DC_Gen3_Module","predrem__nrMotif1259",3.31,0.0786,"",""
"DC_Gen3_Module","transfac_pro__M02757",3.31,0.0786,"GATA6 (inferredBy_Orthology). ","GATA3; GATA4; GATA5 (inferredBy_MotifSimilarity). "
"DC_Gen3_Module","predrem__nrMotif623",3.31,0.0786,"",""
"DC_Gen3_Module","dbcorrdb__IKZF1__ENCSR000EUJ_1__m1",3.31,0.0785,"IKZF1 (directAnnotation). ","BCL11A; ELF1; EP300; ETV5; IRF1; IRF2; IRF4; IRF8; MTA3; PAX5; RELA; SPI1; SPIB; STAT1; STAT3; TBL1XR1 (inferredBy_MotifSimilarity). "
"DC_Gen3_Module","cisbp__M1396",3.31,0.0785,"",""
"DC_Gen3_Module","taipale_tf_pairs__PITX1_HES7_NCACGTGNNGGATTA_CAP_repr",3.31,0.0785,"HES7; PITX1 (directAnnotation). ",""
"DC_Gen3_Module","transfac_pro__M07043",3.3,0.0783,"HIF1A (directAnnotation). ",""
"DC_Gen3_Module","predrem__nrMotif1165",3.3,0.0783,"",""
"DC_Gen3_Module","neph__UW.Motif.0149",3.3,0.0783,"",""
"DC_Gen3_Module","hocomoco__RUNX3_MOUSE.H11MO.0.A",3.3,0.0783,"RUNX3 (inferredBy_Orthology). ","CBFB; RUNX1; RUNX2 (inferredBy_MotifSimilarity). "
"DC_Gen3_Module","predrem__nrMotif2384",3.29,0.0782,"",""
"DC_Gen3_Module","tiffin__TIFDMEM0000011",3.29,0.0782,"",""
"DC_Gen3_Module","cisbp__M5299",3.28,0.078,"BARHL2 (directAnnotation). ","BARHL1; PDX1 (inferredBy_MotifSimilarity). "
"DC_Gen3_Module","transfac_pro__M00776",3.27,0.0778,"SREBF1; SREBF2 (directAnnotation). ",""
"DC_Gen3_Module","transfac_pro__M07276",3.27,0.0777,"RUNX2 (directAnnotation). ","CBFB; NFATC1; RUNX1; RUNX3 (inferredBy_MotifSimilarity). "
"DC_Gen3_Module","elemento__ATGACGC",3.27,0.0777,"",""
"DC_Gen3_Module","cisbp__M2341",3.27,0.0777,"","MEF2A; MEF2C (inferredBy_MotifSimilarity). "
"DC_Gen3_Module","taipale_tf_pairs__ETV5_TCF3_CASSTGNRNNGGAAGNN_CAP",3.26,0.0776,"ETV5; TCF3 (directAnnotation). ",""
"DC_Gen3_Module","fantom__motif11_GCGANT",3.26,0.0776,"",""
"DC_Gen3_Module","taipale_tf_pairs__GCM1_TBX21_AGGTGTNRTRCGGGNN_CAP_repr",3.26,0.0776,"GCM1; TBX21 (directAnnotation). ",""
"DC_Gen3_Module","transfac_pro__M00976",3.26,0.0775,"AHR; AHRR; ARNT; ARNT2; HIF1A (directAnnotation). ",""
"DC_Gen3_Module","taipale_tf_pairs__HOXB2_PAX1_NNMATTAGTCACGCWTSRNTG_CAP_repr",3.25,0.0774,"HOXB2; PAX1 (directAnnotation). ",""
"DC_Gen3_Module","neph__UW.Motif.0411",3.25,0.0773,"","STAT1; STAT3 (inferredBy_MotifSimilarity). STAT4 (inferredBy_MotifSimilarity_n_Orthology). "
"DC_Gen3_Module","transfac_pro__M06170",3.24,0.0772,"ZNF90 (directAnnotation). ",""
"DC_Gen3_Module","predrem__nrMotif1854",3.24,0.0771,"",""
"DC_Gen3_Module","homer__CGTGGGTGGTCC_GLI3",3.24,0.0771,"GLI3 (inferredBy_Orthology). ","GLI1; GLI2; GLIS1; GLIS2; GLIS3; ZIC1; ZIC2; ZIC3 (inferredBy_MotifSimilarity). "
"DC_Gen3_Module","flyfactorsurvey__bcd_NAR_FBgn0000166",3.23,0.077,"",""
"DC_Gen3_Module","predrem__nrMotif1380",3.23,0.0769,"",""
"DC_Gen3_Module","transfac_pro__M09220",3.22,0.0767,"",""
"DC_Gen3_Module","cisbp__M6408",3.22,0.0767,"PAX5 (directAnnotation). ","PAX1; PAX2; PAX6; PAX8; PAX9 (inferredBy_MotifSimilarity). "
"DC_Gen3_Module","predrem__nrMotif2417",3.21,0.0765,"",""
"DC_Gen3_Module","transfac_pro__M01637",3.2,0.0763,"",""
"DC_Gen3_Module","predrem__nrMotif1356",3.19,0.0762,"",""
"DC_Gen3_Module","hocomoco__CEBPD_HUMAN.H11MO.0.C",3.19,0.0762,"CEBPD (directAnnotation). ","CEBPA; CEBPB; EP300 (inferredBy_MotifSimilarity). "
"DC_Gen3_Module","dbcorrdb__PML__ENCSR000BQY_1__m1",3.19,0.0762,"PML (directAnnotation). ","ARID3A; BCL3; CCNT2; EP300; GATA1; GATA2; GATA3; GATA4; GATA5; GATA6; HDAC2; HMGN3; NR2F2; POLR2A; RCOR1; SIRT6; SMARCA4; SMARCB1; STAT5A; TAL1; TBL1XR1 (inferredBy_MotifSimilarity). TRPS1 (inferredBy_MotifSimilarity_n_Orthology). "
"DC_Gen3_Module","transfac_pro__M08619",3.19,0.0761,"POU2F1 (directAnnotation). ",""
"DC_Gen3_Module","predrem__nrMotif2319",3.19,0.0761,"",""
"DC_Gen3_Module","hocomoco__EPAS1_HUMAN.H11MO.0.B",3.19,0.0761,"EPAS1 (directAnnotation). ","ARNT (inferredBy_MotifSimilarity). "
"DC_Gen3_Module","flyfactorsurvey__tgo_trh_SANGER_5_FBgn0015014",3.19,0.0761,"ARNT; ARNT2 (inferredBy_Orthology). ","SIM1; SIM2 (inferredBy_MotifSimilarity_n_Orthology). "
"DC_Gen3_Module","hocomoco__RHXF1_HUMAN.H11MO.0.D",3.19,0.0761,"RHOXF1 (directAnnotation). ","PITX1 (inferredBy_MotifSimilarity_n_Orthology). "
"DC_Gen3_Module","transfac_pro__M09282",3.19,0.0761,"",""
"DC_Gen3_Module","homer__GCACGTACCC_HIF2a",3.19,0.0761,"EPAS1 (directAnnotation). ",""
"DC_Gen3_Module","transfac_pro__M01383",3.18,0.076,"NKX3-1 (directAnnotation). ","NKX2-8 (inferredBy_MotifSimilarity_n_Orthology). "
"DC_Gen3_Module","jaspar__MA0359.1",3.18,0.076,"",""
"DC_Gen3_Module","elemento__TGATCTC",3.18,0.0759,"",""
"DC_Gen3_Module","dbcorrdb__FOXP2__ENCSR000BGB_1__m1",3.18,0.0759,"FOXP2 (directAnnotation). ","ETS1 (inferredBy_MotifSimilarity). FOXO1 (inferredBy_MotifSimilarity_n_Orthology). "
"DC_Gen3_Module","flyfactorsurvey__Ct_SOLEXA_FBgn0004198",3.18,0.0759,"CUX1; CUX2 (inferredBy_Orthology). ",""
"DC_Gen3_Module","transfac_pro__M01376",3.17,0.0758,"PRRX2 (directAnnotation). ","ALX3; EMX1; EMX2; EN1; EN2; ESX1; EVX1; EVX2; GBX1; GBX2; HESX1; HOXA1; HOXB3; HOXD1; LBX2; LHX2; LHX6; NOTO; PAX4; RAX; ZFHX2 (inferredBy_MotifSimilarity). LHX8; LHX9; OTP; PRRX1 (inferredBy_MotifSimilarity_n_Orthology). "
"DC_Gen3_Module","transfac_pro__M03212",3.17,0.0757,"",""
"DC_Gen3_Module","transfac_pro__M05811",3.16,0.0756,"ZNF135 (inferredBy_Orthology). ",""
"DC_Gen3_Module","predrem__nrMotif1787",3.16,0.0755,"",""
"DC_Gen3_Module","predrem__nrMotif1304",3.16,0.0755,"",""
"DC_Gen3_Module","jaspar__MA0006.1",3.15,0.0754,"ARNT (inferredBy_Orthology). ",""
"DC_Gen3_Module","transfac_pro__M06345",3.15,0.0754,"ZNF836 (directAnnotation). ",""
"DC_Gen3_Module","transfac_pro__M09392",3.15,0.0754,"",""
"DC_Gen3_Module","neph__UW.Motif.0465",3.15,0.0753,"",""
"DC_Gen3_Module","taipale__BARHL2_full_TAAWYGNNNNTAAWYG",3.14,0.0752,"BARHL2 (directAnnotation). ","BARHL1; PDX1 (inferredBy_MotifSimilarity). "
"DC_Gen3_Module","dbcorrdb__JUND__ENCSR000BKP_1__m2",3.14,0.0751,"JUND (directAnnotation). ",""
"DC_Gen3_Module","transfac_pro__M01044",3.13,0.075,"TBX5 (directAnnotation). ","MGA; TBX1; TBX15; TBX4 (inferredBy_MotifSimilarity). "
"DC_Gen3_Module","neph__UW.Motif.0379",3.13,0.0749,"",""
"DC_Gen3_Module","taipale_tf_pairs__HOXB2_ELF1_NYMATTANNNNNNNNGGAAGNN_CAP_repr",3.13,0.0749,"ELF1; HOXB2 (directAnnotation). ",""
"DC_Gen3_Module","dbcorrdb__SMARCA4__ENCSR000EHO_1__m2",3.12,0.0748,"SMARCA4 (directAnnotation). ",""
"DC_Gen3_Module","taipale__RHOXF1_full_GGMTNAKCC_repr",3.12,0.0747,"RHOXF1 (directAnnotation). ",""
"DC_Gen3_Module","transfac_pro__M09374",3.11,0.0745,"",""
"DC_Gen3_Module","cisbp__M1155",3.1,0.0744,"","DMBX1; DPRX; GSC; GSC2 (inferredBy_MotifSimilarity). CRX; OTX1; OTX2 (inferredBy_MotifSimilarity_n_Orthology). "
"DC_Gen3_Module","jaspar__MA1060.1",3.1,0.0744,"",""
"DC_Gen3_Module","predrem__nrMotif1258",3.1,0.0743,"",""
"DC_Gen3_Module","elemento__CTTGTCC",3.1,0.0743,"",""
"DC_Gen3_Module","transfac_pro__M05957",3.09,0.0742,"ZKSCAN3 (directAnnotation). ","ZNF254 (inferredBy_MotifSimilarity). "
"DC_Gen3_Module","cisbp__M2960",3.07,0.0738,"NR2F2 (directAnnotation). ","NR1H4; RARA (inferredBy_MotifSimilarity). "
"DC_Gen3_Module","transfac_pro__M00984",3.06,0.0736,"CBFB; RUNX1; RUNX2; RUNX3 (directAnnotation). ",""
"DC_Gen3_Module","transfac_pro__M01426",3.06,0.0736,"HOXB9 (directAnnotation). ","CDX1; CDX2; EVX2; HOXA10; HOXA11; HOXA9; HOXB13; HOXC10; HOXC11; HOXC9; HOXD11; HOXD12; HOXD9 (inferredBy_MotifSimilarity). CDX4; HOXD10 (inferredBy_MotifSimilarity_n_Orthology). "
"DC_Gen3_Module","cisbp__M4320",3.06,0.0735,"GATA1; GATA2; GATA3; GATA4; GATA5; GATA6; TRPS1 (inferredBy_Orthology). ",""
"DC_Gen3_Module","predrem__nrMotif2354",3.06,0.0735,"",""
"DC_Gen3_Module","hdpi__SCMH1",3.05,0.0733,"SCMH1 (directAnnotation). ",""
"DC_Gen3_Module","cisbp__M6308",3.04,0.0732,"IRF2 (directAnnotation). ","IRF1; IRF3; IRF4; IRF5; IRF6; IRF7; IRF8; IRF9; PRDM1; STAT2 (inferredBy_MotifSimilarity). "
"DC_Gen3_Module","predrem__nrMotif1366",3.04,0.0732,"",""
"DC_Gen3_Module","hocomoco__SHOX_HUMAN.H11MO.0.D",3.04,0.0732,"SHOX (directAnnotation). ","ALX3; ARX; BARHL2; DBX1; DLX1; DLX4; DLX6; DMBX1; EMX1; EMX2; EN1; EN2; ESX1; GBX1; GBX2; GSX1; GSX2; HESX1; HOXB3; ISX; LBX2; LHX2; LHX4; LHX6; LHX9; LMX1A; LMX1B; NOBOX; NOTO; PAX4; POU6F2; PRRX1; PRRX2; RAX; RAX2; SHOX2; TLX2; TLX3; UNCX; VAX2; VENTX; VSX1; VSX2; ZFHX2 (inferredBy_MotifSimilarity). ALX1; ALX4; BSX; DRGX; HOXD1; LBX1; LHX3; LHX8; MNX1; MSX2; NKX1-1; NKX1-2; OTP; PAX6; PAX7; PROP1; VAX1 (inferredBy_MotifSimilarity_n_Orthology). "
"DC_Gen3_Module","predrem__nrMotif2527",3.04,0.0731,"","BRF1; BRF2; CEBPB; CPSF4; CTCF; CUX1; EGR1; HDAC2; KLF11; KLF16; MAZ; NELFE; PATZ1; PLAG1; RBBP5; RCOR1; REST; RREB1; SMARCA4; SP1; SP2; SP3; SP4; SREBF1; SREBF2; SUPT20H; TBX15; XRCC4; ZBTB7B; ZNF467 (inferredBy_MotifSimilarity). ZBTB17; ZNF16; ZNF189; ZNF23; ZNF429; ZNF471; ZNF502; ZNF607; ZNF84 (inferredBy_MotifSimilarity_n_Orthology). "
"DC_Gen3_Module","predrem__nrMotif1943",3.04,0.0731,"",""
"DC_Gen3_Module","transfac_pro__M06084",3.04,0.0731,"ZNF208 (directAnnotation). ",""
"DC_Gen3_Module","dbcorrdb__HDAC2__ENCSR000BMG_1__m1",3.03,0.073,"HDAC2 (directAnnotation). ","ARID3A; BCL3; CCNT2; EP300; GATA1; GATA2; GATA3; GATA4; GATA5; HMGN3; JUN; NR2F2; PML; POLR2A; RCOR1; SIRT6; SMARCA4; SMARCB1; STAT5A; TAL1; TBL1XR1 (inferredBy_MotifSimilarity). GATA6 (inferredBy_MotifSimilarity_n_Orthology). "
"DC_Gen3_Module","transfac_pro__M02919",3.03,0.0729,"HNF1A (inferredBy_Orthology). ",""
"DC_Gen3_Module","transfac_pro__M05945",3.03,0.0729,"ZNF300 (directAnnotation). ",""
"DC_Gen3_Module","hocomoco__GBX2_HUMAN.H11MO.0.D",3.03,0.0729,"GBX2 (directAnnotation). ","BARHL1; BARHL2; DLX1; DLX4; DLX6; EMX1; EN1; EN2; ESX1; EVX2; GBX1; GSX2; HOXB2; HOXB3; ISX; LHX4; LHX8; LHX9; NOTO; PDX1; SHOX; SHOX2; TLX2; VAX1; VAX2; VENTX; VSX1; VSX2 (inferredBy_MotifSimilarity). EMX2; EVX1; HOXA1; HOXD1; LBX1; LHX6; MSX2; NOBOX; UNCX (inferredBy_MotifSimilarity_n_Orthology). "
"DC_Gen3_Module","tfdimers__MD00470",3.03,0.0729,"TP53 (directAnnotation). ",""
"DC_Gen3_Module","cisbp__M5490",3.02,0.0728,"GLIS1 (directAnnotation). ","GLI2; GLI3; GLIS2; GLIS3 (inferredBy_MotifSimilarity). "
"DC_Gen3_Module","dbcorrdb__GATA1__ENCSR000EWM_1__m1",3.02,0.0728,"GATA1 (directAnnotation). ","ARID3A; BCL3; CCNT2; EP300; GATA2; GATA3; GATA4; GATA5; GATA6; HDAC2; HMGN3; JUN; NR2F2; PML; POLR2A; RCOR1; SIRT6; SMARCA4; SMARCB1; STAT5A; TAL1; TBL1XR1 (inferredBy_MotifSimilarity). "
"DC_Gen3_Module","cisbp__M6400",3.02,0.0728,"OTX1 (directAnnotation). ",""
"DC_Gen3_Module","predrem__nrMotif8",3.02,0.0728,"",""
"DC_Gen3_Module","transfac_pro__M06942",3.02,0.0728,"",""
"DC_Gen3_Module","transfac_pro__M06268",3.02,0.0727,"ZNF260 (directAnnotation). ",""
"DC_Gen3_Module","transfac_pro__M05728",3.02,0.0727,"","ZNF260 (inferredBy_MotifSimilarity). "
"DC_Gen3_Module","predrem__nrMotif2036",3.02,0.0727,"",""
"DC_Gen3_Module","transfac_pro__M06810",3.01,0.0725,"PRDM15 (directAnnotation). ",""
"DC_Gen3_Module","hocomoco__RUNX1_HUMAN.H11MO.0.A",3.01,0.0725,"RUNX1 (directAnnotation). ","CBFB; MTA3; RUNX3 (inferredBy_MotifSimilarity). RUNX2 (inferredBy_MotifSimilarity_n_Orthology). "
"DC_Gen3_Module","cisbp__M0567",3,0.0724,"",""
"DC_Gen3_Module","transfac_pro__M09532",3,0.0724,"","ATF6; CREB3; CREB3L1; CREB3L2; MAF; XBP1 (inferredBy_MotifSimilarity). ATF6B (inferredBy_MotifSimilarity_n_Orthology). "
